0	0	0	REGA	No	0	200	24	0	6.675671129	5.290887012	NA	6.85	5.65
0	0	0	REGA	No	0	200	48	0	6.861351253	6.751202114	NA	6.85	5.65
0	0	0	REGA	No	0	200	72	0	7.916351956	8.531077262	NA	6.85	5.65
0	0	0	REGA	No	0	200	96	0	8.892579274	9.645821614	NA	6.85	5.65
0	0	0	REGA	No	0	200	120	0	9.438366304	9.582652768	NA	6.85	5.65
0	0	0	REGA	No	0	200	144	0	9.519953025	9.723853719	NA	6.85	5.65
0	0	0	REGA	No	0	200	168	0	9.604353082	9.285387607	NA	6.85	5.65
0	0	0	REGA	No	0	200	192	0	9.843486574	9.389430413	NA	6.85	5.65
0	0	0	REGA	No	0	200	216	0	9.784406535	9.088449438	NA	6.85	5.65
0	0	0	REGA	No	0	200	240	0	9.162659454	9.140470841	NA	6.85	5.65
0	0	1	REGA	No	0	200	24	0	6.675671129	5.290887012	NA	6.85	5.65
0	0	1	REGA	No	0	200	48	0	6.88667127	6.799507702	NA	6.85	5.65
0	0	1	REGA	No	0	200	72	0	7.882591934	8.330423279	NA	6.85	5.65
0	0	1	REGA	No	0	200	96	0	9.092326073	9.694127203	NA	6.85	5.65
0	0	1	REGA	No	0	200	120	0	9.469312991	9.645821614	NA	6.85	5.65
0	0	1	REGA	No	0	200	144	0	9.685939803	9.656969058	NA	6.85	5.65
0	0	1	REGA	No	0	200	168	0	9.742206507	9.434020187	NA	6.85	5.65
0	0	1	REGA	No	0	200	192	0	10.09387341	9.497189034	NA	6.85	5.65
0	0	1	REGA	No	0	200	216	0	9.975713329	9.281671792	NA	6.85	5.65
0	0	1	REGA	No	0	200	240	0	9.04731271	9.181344801	NA	6.85	5.65
0	0	2	REGA	No	0	200	24	0	6.675671129	5.290887012	NA	6.85	5.65
0	0	2	REGA	No	0	200	48	0	6.838844571	6.88868725	NA	6.85	5.65
0	0	2	REGA	No	0	200	72	0	7.905098615	8.716867988	NA	6.85	5.65
0	0	2	REGA	No	0	200	96	0	8.965725989	9.575221139	NA	6.85	5.65
0	0	2	REGA	No	0	200	120	0	9.401792946	9.775875122	NA	6.85	5.65
0	0	2	REGA	No	0	200	144	0	9.626859763	9.497189034	NA	6.85	5.65
0	0	2	REGA	No	0	200	168	0	9.784406535	9.322545752	NA	6.85	5.65
0	0	2	REGA	No	0	200	192	0	9.778779864	9.460030889	NA	6.85	5.65
0	0	2	REGA	No	0	200	216	0	9.99259334	9.259376905	NA	6.85	5.65
0	0	2	REGA	No	0	200	240	0	9.005112682	9.311398309	NA	6.85	5.65
0	0	3	REGA	No	0	200	24	0	6.675671129	5.290887012	NA	6.85	5.65
0	0	3	REGA	No	0	200	48	0	6.788204537	6.617432791	NA	6.85	5.65
0	0	3	REGA	No	0	200	72	0	7.910725286	8.594246109	NA	6.85	5.65
0	0	3	REGA	No	0	200	96	0	8.960099319	9.638389985	NA	6.85	5.65
0	0	3	REGA	No	0	200	120	0	9.368032924	9.541778808	NA	6.85	5.65
0	0	3	REGA	No	0	200	144	0	9.702819814	9.653253243	NA	6.85	5.65
0	0	3	REGA	No	0	200	168	0	9.728139831	9.251945276	NA	6.85	5.65
0	0	3	REGA	No	0	200	192	0	9.908193284	9.538062993	NA	6.85	5.65
0	0	3	REGA	No	0	200	216	0	9.933513301	9.315114123	NA	6.85	5.65
0	0	3	REGA	No	0	200	240	0	9.126086096	9.214787131	NA	6.85	5.65
0	0	4	REGA	No	0	200	24	0	6.675671129	5.290887012	NA	6.85	5.65
0	0	4	REGA	No	0	200	48	0	7.125804762	6.766065372	NA	6.85	5.65
0	0	4	REGA	No	0	200	72	0	6.675671129	5.290887012	NA	6.85	5.65
0	0	4	REGA	No	0	200	96	0	9.04168604	9.571505324	NA	6.85	5.65
0	0	4	REGA	No	0	200	120	0	9.449619645	9.660684872	NA	6.85	5.65
0	0	4	REGA	No	0	200	144	0	9.685939803	9.56035788	NA	6.85	5.65
0	0	4	REGA	No	0	200	168	0	9.7815932	9.22221876	NA	6.85	5.65
0	0	4	REGA	No	0	200	192	0	9.874433262	9.389430413	NA	6.85	5.65
0	0	4	REGA	No	0	200	216	0	9.753459848	9.129323398	NA	6.85	5.65
0	0	4	REGA	No	0	200	240	0	9.171099459	9.203639688	NA	6.85	5.65
0	0	5	REGA	No	0	200	24	0	6.675671129	5.290887012	NA	6.85	5.65
0	0	5	REGA	No	0	200	48	0	6.675671129	6.818086775	NA	6.85	5.65
0	0	5	REGA	No	0	200	72	0	7.933231967	8.467908416	NA	6.85	5.65
0	0	5	REGA	No	0	200	96	0	8.97697933	9.534347179	NA	6.85	5.65
0	0	5	REGA	No	0	200	120	0	9.514326355	9.567789509	NA	6.85	5.65
0	0	5	REGA	No	0	200	144	0	9.7815932	9.508336477	NA	6.85	5.65
0	0	5	REGA	No	0	200	168	0	9.784406535	9.255661091	NA	6.85	5.65
0	0	5	REGA	No	0	200	192	0	9.865993256	9.18877643	NA	6.85	5.65
0	0	5	REGA	No	0	200	216	0	9.85192658	9.14790247	NA	6.85	5.65
0	0	5	REGA	No	0	200	240	0	9.033246034	9.170197357	NA	6.85	5.65
0	1	0	REGA	No	0.00000256	200	24	0	6.675671129	5.290887012	NA	6.85	5.65
0	1	0	REGA	No	0.00000256	200	48	0	6.675671129	6.472516026	NA	6.85	5.65
0	1	0	REGA	No	0.00000256	200	72	0	7.772871861	8.226380473	NA	6.85	5.65
0	1	0	REGA	No	0.00000256	200	96	0	8.732219167	9.541778808	NA	6.85	5.65
0	1	0	REGA	No	0.00000256	200	120	0	9.353966248	9.541778808	NA	6.85	5.65
0	1	0	REGA	No	0.00000256	200	144	0	9.65217978	9.434020187	NA	6.85	5.65
0	1	0	REGA	No	0.00000256	200	168	0	9.519953025	9.162765728	NA	6.85	5.65
0	1	0	REGA	No	0.00000256	200	192	0	9.888499938	9.311398309	NA	6.85	5.65
0	1	0	REGA	No	0.00000256	200	216	0	9.832233233	9.043859664	NA	6.85	5.65
0	1	0	REGA	No	0.00000256	200	240	0	9.210486152	9.088449438	NA	6.85	5.65
0	1	1	REGA	No	0.00000256	200	24	0	6.675671129	5.290887012	NA	6.85	5.65
0	1	1	REGA	No	0.00000256	200	48	0	6.675671129	6.59142209	NA	6.85	5.65
0	1	1	REGA	No	0.00000256	200	72	0	7.739111838	8.241243731	NA	6.85	5.65
0	1	1	REGA	No	0.00000256	200	96	0	8.884139268	9.463746703	NA	6.85	5.65
0	1	1	REGA	No	0.00000256	200	120	0	9.362406254	9.735001162	NA	6.85	5.65
0	1	1	REGA	No	0.00000256	200	144	0	9.429926299	9.738716977	NA	6.85	5.65
0	1	1	REGA	No	0.00000256	200	168	0	9.700006479	9.107028511	NA	6.85	5.65
0	1	1	REGA	No	0.00000256	200	192	0	9.967273323	9.010417334	NA	6.85	5.65
0	1	1	REGA	No	0.00000256	200	216	0	9.877246597	9.07358618	NA	6.85	5.65
0	1	1	REGA	No	0.00000256	200	240	0	9.179539465	9.125607583	NA	6.85	5.65
0	1	2	REGA	No	0.00000256	200	24	0	6.675671129	5.290887012	NA	6.85	5.65
0	1	2	REGA	No	0.00000256	200	48	0	6.675671129	6.632296049	NA	6.85	5.65
0	1	2	REGA	No	0.00000256	200	72	0	7.823511894	8.222664658	NA	6.85	5.65
0	1	2	REGA	No	0.00000256	200	96	0	8.901019279	9.493473219	NA	6.85	5.65
0	1	2	REGA	No	0.00000256	200	120	0	9.472126327	9.645821614	NA	6.85	5.65
0	1	2	REGA	No	0.00000256	200	144	0	9.601539746	9.597516026	NA	6.85	5.65
0	1	2	REGA	No	0.00000256	200	168	0	9.700006479	9.084733624	NA	6.85	5.65
0	1	2	REGA	No	0.00000256	200	192	0	9.846299909	9.259376905	NA	6.85	5.65
0	1	2	REGA	No	0.00000256	200	216	0	9.885686602	9.058722922	NA	6.85	5.65
0	1	2	REGA	No	0.00000256	200	240	0	9.027619364	9.166481543	NA	6.85	5.65
0	1	3	REGA	No	0.00000256	200	24	0	6.675671129	5.290887012	NA	6.85	5.65
0	1	3	REGA	No	0.00000256	200	48	0	6.675671129	6.621148606	NA	6.85	5.65
0	1	3	REGA	No	0.00000256	200	72	0	7.907911951	8.378728867	NA	6.85	5.65
0	1	3	REGA	No	0.00000256	200	96	0	8.962912654	9.627242542	NA	6.85	5.65
0	1	3	REGA	No	0.00000256	200	120	0	9.443992975	9.593800211	NA	6.85	5.65
0	1	3	REGA	No	0.00000256	200	144	0	9.621233093	9.352272268	NA	6.85	5.65
0	1	3	REGA	No	0.00000256	200	168	0	9.739393172	9.281671792	NA	6.85	5.65
0	1	3	REGA	No	0.00000256	200	192	0	9.714073155	9.14790247	NA	6.85	5.65
0	1	3	REGA	No	0.00000256	200	216	0	9.78721987	9.062438737	NA	6.85	5.65
0	1	3	REGA	No	0.00000256	200	240	0	8.974165995	9.129323398	NA	6.85	5.65
0	2	0	REGA	No	0.0000128	200	24	0	6.675671129	5.290887012	NA	6.85	5.65
0	2	0	REGA	No	0.0000128	200	48	0	6.675671129	6.539400687	NA	6.85	5.65
0	2	0	REGA	No	0.0000128	200	72	0	7.812258553	8.044305562	NA	6.85	5.65
0	2	0	REGA	No	0.0000128	200	96	0	8.625312429	9.545494622	NA	6.85	5.65
0	2	0	REGA	No	0.0000128	200	120	0	9.230179499	9.761011864	NA	6.85	5.65
0	2	0	REGA	No	0.0000128	200	144	0	9.460872986	9.582652768	NA	6.85	5.65
0	2	0	REGA	No	0.0000128	200	168	0	9.700006479	9.367135526	NA	6.85	5.65
0	2	0	REGA	No	0.0000128	200	192	0	9.804099881	9.456315074	NA	6.85	5.65
0	2	0	REGA	No	0.0000128	200	216	0	9.837859904	9.125607583	NA	6.85	5.65
0	2	0	REGA	No	0.0000128	200	240	0	9.013552688	9.166481543	NA	6.85	5.65
0	2	1	REGA	No	0.0000128	200	24	0	6.675671129	5.290887012	NA	6.85	5.65
0	2	1	REGA	No	0.0000128	200	48	0	6.675671129	6.743770485	NA	6.85	5.65
0	2	1	REGA	No	0.0000128	200	72	0	6.675671129	7.962557643	NA	6.85	5.65
0	2	1	REGA	No	0.0000128	200	96	0	8.698459144	9.467462518	NA	6.85	5.65
0	2	1	REGA	No	0.0000128	200	120	0	9.151406113	9.571505324	NA	6.85	5.65
0	2	1	REGA	No	0.0000128	200	144	0	9.550899713	9.820464896	NA	6.85	5.65
0	2	1	REGA	No	0.0000128	200	168	0	9.624046428	9.326261567	NA	6.85	5.65
0	2	1	REGA	No	0.0000128	200	192	0	9.826606563	9.07358618	NA	6.85	5.65
0	2	1	REGA	No	0.0000128	200	216	0	9.902566614	9.18877643	NA	6.85	5.65
0	2	1	REGA	No	0.0000128	200	240	0	9.002299347	9.092165253	NA	6.85	5.65
0	2	2	REGA	No	0.0000128	200	24	0	6.675671129	5.290887012	NA	6.85	5.65
0	2	2	REGA	No	0.0000128	200	48	0	6.675671129	6.25328297	NA	6.85	5.65
0	2	2	REGA	No	0.0000128	200	72	0	6.675671129	8.01829486	NA	6.85	5.65
0	2	2	REGA	No	0.0000128	200	96	0	8.594365742	9.460030889	NA	6.85	5.65
0	2	2	REGA	No	0.0000128	200	120	0	9.024806028	9.74986442	NA	6.85	5.65
0	2	2	REGA	No	0.0000128	200	144	0	9.458059651	9.787022565	NA	6.85	5.65
0	2	2	REGA	No	0.0000128	200	168	0	9.72251316	9.430304373	NA	6.85	5.65
0	2	2	REGA	No	0.0000128	200	192	0	9.688753138	9.422872744	NA	6.85	5.65
0	2	2	REGA	No	0.0000128	200	216	0	9.773153194	9.07358618	NA	6.85	5.65
0	2	2	REGA	No	0.0000128	200	240	0	9.069819392	9.192492244	NA	6.85	5.65
0	2	3	REGA	No	0.0000128	200	24	0	6.675671129	5.290887012	NA	6.85	5.65
0	2	3	REGA	No	0.0000128	200	48	0	6.675671129	6.509674171	NA	6.85	5.65
0	2	3	REGA	No	0.0000128	200	72	0	6.675671129	8.278401876	NA	6.85	5.65
0	2	3	REGA	No	0.0000128	200	96	0	8.732219167	9.448883445	NA	6.85	5.65
0	2	3	REGA	No	0.0000128	200	120	0	9.081072733	9.727569533	NA	6.85	5.65
0	2	3	REGA	No	0.0000128	200	144	0	9.51151302	9.649537429	NA	6.85	5.65
0	2	3	REGA	No	0.0000128	200	168	0	9.683126467	9.322545752	NA	6.85	5.65
0	2	3	REGA	No	0.0000128	200	192	0	9.702819814	9.341124825	NA	6.85	5.65
0	2	3	REGA	No	0.0000128	200	216	0	9.85755325	9.159049914	NA	6.85	5.65
0	2	3	REGA	No	0.0000128	200	240	0	9.072632727	9.118175954	NA	6.85	5.65
0	3	0	REGA	No	0.000064	200	24	0	6.675671129	5.290887012	NA	6.85	5.65
0	3	0	REGA	No	0.000064	200	48	0	6.675671129	5.290887012	NA	6.85	5.65
0	3	0	REGA	No	0.000064	200	72	0	6.675671129	5.290887012	NA	6.85	5.65
0	3	0	REGA	No	0.000064	200	96	0	7.471844993	8.01829486	NA	6.85	5.65
0	3	0	REGA	No	0.000064	200	120	0	6.675671129	5.290887012	NA	6.85	5.65
0	3	0	REGA	No	0.000064	200	144	0	7.907911951	8.048021376	NA	6.85	5.65
0	3	0	REGA	No	0.000064	200	168	0	8.476205663	9.084733624	NA	6.85	5.65
0	3	0	REGA	No	0.000064	200	192	0	8.988232671	9.467462518	NA	6.85	5.65
0	3	0	REGA	No	0.000064	200	216	0	9.649366445	9.820464896	NA	6.85	5.65
0	3	0	REGA	No	0.000064	200	240	0	8.91227262	9.26309272	NA	6.85	5.65
0	3	1	REGA	No	0.000064	200	24	0	6.675671129	5.290887012	NA	6.85	5.65
0	3	1	REGA	No	0.000064	200	48	0	6.675671129	5.290887012	NA	6.85	5.65
0	3	1	REGA	No	0.000064	200	72	0	6.675671129	5.714489866	NA	6.85	5.65
0	3	1	REGA	No	0.000064	200	96	0	7.151124779	6.769781186	NA	6.85	5.65
0	3	1	REGA	No	0.000064	200	120	0	7.764431855	8.564519593	NA	6.85	5.65
0	3	1	REGA	No	0.000064	200	144	0	8.659072451	9.26309272	NA	6.85	5.65
0	3	1	REGA	No	0.000064	200	168	0	7.440898306	9.04014385	NA	6.85	5.65
0	3	1	REGA	No	0.000064	200	192	0	9.458059651	9.720137904	NA	6.85	5.65
0	3	1	REGA	No	0.000064	200	216	0	9.770339859	9.649537429	NA	6.85	5.65
0	3	1	REGA	No	0.000064	200	240	0	9.021992693	9.277955978	NA	6.85	5.65
0	3	2	REGA	No	0.000064	200	24	0	6.675671129	5.290887012	NA	6.85	5.65
0	3	2	REGA	No	0.000064	200	48	0	6.675671129	5.290887012	NA	6.85	5.65
0	3	2	REGA	No	0.000064	200	72	0	6.675671129	5.491540996	NA	6.85	5.65
0	3	2	REGA	No	0.000064	200	96	0	7.024524695	6.602569533	NA	6.85	5.65
0	3	2	REGA	No	0.000064	200	120	0	7.786938537	7.642997595	NA	6.85	5.65
0	3	2	REGA	No	0.000064	200	144	0	8.464952322	9.11446014	NA	6.85	5.65
0	3	2	REGA	No	0.000064	200	168	0	8.434005635	8.984406632	NA	6.85	5.65
0	3	2	REGA	No	0.000064	200	192	0	9.556526383	10.14002494	NA	6.85	5.65
0	3	2	REGA	No	0.000064	200	216	0	9.837859904	9.519483921	NA	6.85	5.65
0	3	2	REGA	No	0.000064	200	240	0	8.751912513	9.155334099	NA	6.85	5.65
0	3	3	REGA	No	0.000064	200	24	0	6.675671129	5.290887012	NA	6.85	5.65
0	3	3	REGA	No	0.000064	200	48	0	6.675671129	5.290887012	NA	6.85	5.65
0	3	3	REGA	No	0.000064	200	72	0	6.675671129	5.577004729	NA	6.85	5.65
0	3	3	REGA	No	0.000064	200	96	0	7.283351534	7.104204492	NA	6.85	5.65
0	3	3	REGA	No	0.000064	200	120	0	7.308671551	7.431196168	NA	6.85	5.65
0	3	3	REGA	No	0.000064	200	144	0	8.200498812	8.824626608	NA	6.85	5.65
0	3	3	REGA	No	0.000064	200	168	0	8.692832474	9.173913172	NA	6.85	5.65
0	3	3	REGA	No	0.000064	200	192	0	9.486193003	10.0768561	NA	6.85	5.65
0	3	3	REGA	No	0.000064	200	216	0	9.570593059	9.567789509	NA	6.85	5.65
0	3	3	REGA	No	0.000064	200	240	0	9.069819392	9.45259926	NA	6.85	5.65
0	4	0	REGA	No	0.00032	200	24	0	6.675671129	5.290887012	NA	6.85	5.65
0	4	0	REGA	No	0.00032	200	48	0	6.675671129	5.290887012	NA	6.85	5.65
0	4	0	REGA	No	0.00032	200	72	0	6.675671129	5.290887012	NA	6.85	5.65
0	4	0	REGA	No	0.00032	200	96	0	6.675671129	5.290887012	NA	6.85	5.65
0	4	0	REGA	No	0.00032	200	120	0	6.675671129	5.290887012	NA	6.85	5.65
0	4	0	REGA	No	0.00032	200	144	0	6.675671129	5.290887012	NA	6.85	5.65
0	4	0	REGA	No	0.00032	200	168	0	9.11201942	9.590084397	NA	6.85	5.65
0	4	0	REGA	No	0.00032	200	192	0	6.675671129	5.290887012	NA	6.85	5.65
0	4	0	REGA	No	0.00032	200	216	0	6.675671129	5.655036834	NA	6.85	5.65
0	4	0	REGA	No	0.00032	200	240	0	6.675671129	5.666184278	NA	6.85	5.65
0	4	1	REGA	No	0.00032	200	24	0	6.675671129	5.290887012	NA	6.85	5.65
0	4	1	REGA	No	0.00032	200	48	0	6.675671129	5.290887012	NA	6.85	5.65
0	4	1	REGA	No	0.00032	200	72	0	6.675671129	5.290887012	NA	6.85	5.65
0	4	1	REGA	No	0.00032	200	96	0	6.675671129	5.290887012	NA	6.85	5.65
0	4	1	REGA	No	0.00032	200	120	0	6.675671129	5.290887012	NA	6.85	5.65
0	4	1	REGA	No	0.00032	200	144	0	6.675671129	5.290887012	NA	6.85	5.65
0	4	1	REGA	No	0.00032	200	168	0	6.675671129	9.664400687	NA	6.85	5.65
0	4	1	REGA	No	0.00032	200	192	0	9.604353082	5.290887012	NA	6.85	5.65
0	4	1	REGA	No	0.00032	200	216	0	6.675671129	5.669900092	NA	6.85	5.65
0	4	1	REGA	No	0.00032	200	240	0	6.675671129	5.543562399	NA	6.85	5.65
0	4	2	REGA	No	0.00032	200	24	0	6.675671129	5.290887012	NA	6.85	5.65
0	4	2	REGA	No	0.00032	200	48	0	6.675671129	5.290887012	NA	6.85	5.65
0	4	2	REGA	No	0.00032	200	72	0	6.675671129	5.290887012	NA	6.85	5.65
0	4	2	REGA	No	0.00032	200	96	0	6.675671129	5.290887012	NA	6.85	5.65
0	4	2	REGA	No	0.00032	200	120	0	6.675671129	5.290887012	NA	6.85	5.65
0	4	2	REGA	No	0.00032	200	144	0	6.675671129	5.290887012	NA	6.85	5.65
0	4	2	REGA	No	0.00032	200	168	0	6.675671129	5.290887012	NA	6.85	5.65
0	4	2	REGA	No	0.00032	200	192	0	6.675671129	5.290887012	NA	6.85	5.65
0	4	2	REGA	No	0.00032	200	216	0	6.675671129	5.454382851	NA	6.85	5.65
0	4	2	REGA	No	0.00032	200	240	0	6.675671129	5.290887012	NA	6.85	5.65
0	4	3	REGA	No	0.00032	200	24	0	6.675671129	5.290887012	NA	6.85	5.65
0	4	3	REGA	No	0.00032	200	48	0	6.675671129	5.290887012	NA	6.85	5.65
0	4	3	REGA	No	0.00032	200	72	0	6.675671129	5.733068939	NA	6.85	5.65
0	4	3	REGA	No	0.00032	200	96	0	6.675671129	5.290887012	NA	6.85	5.65
0	4	3	REGA	No	0.00032	200	120	0	6.675671129	5.290887012	NA	6.85	5.65
0	4	3	REGA	No	0.00032	200	144	0	6.675671129	5.290887012	NA	6.85	5.65
0	4	3	REGA	No	0.00032	200	168	0	6.675671129	5.290887012	NA	6.85	5.65
0	4	3	REGA	No	0.00032	200	192	0	6.675671129	5.290887012	NA	6.85	5.65
0	4	3	REGA	No	0.00032	200	216	0	6.675671129	5.755363826	NA	6.85	5.65
0	4	3	REGA	No	0.00032	200	240	0	6.675671129	5.718205681	NA	6.85	5.65
0	5	0	REGA	No	0.0016	200	24	0	6.675671129	5.290887012	NA	6.85	5.65
0	5	0	REGA	No	0.0016	200	48	0	6.675671129	5.290887012	NA	6.85	5.65
0	5	0	REGA	No	0.0016	200	72	0	6.675671129	5.290887012	NA	6.85	5.65
0	5	0	REGA	No	0.0016	200	96	0	6.675671129	5.290887012	NA	6.85	5.65
0	5	0	REGA	No	0.0016	200	120	0	7.620951759	7.412617096	NA	6.85	5.65
0	5	0	REGA	No	0.0016	200	144	0	6.675671129	5.290887012	NA	6.85	5.65
0	5	0	REGA	No	0.0016	200	168	0	6.675671129	5.290887012	NA	6.85	5.65
0	5	0	REGA	No	0.0016	200	192	0	6.675671129	5.290887012	NA	6.85	5.65
0	5	0	REGA	No	0.0016	200	216	0	6.675671129	5.290887012	NA	6.85	5.65
0	5	0	REGA	No	0.0016	200	240	0	6.675671129	5.632741947	NA	6.85	5.65
0	5	1	REGA	No	0.0016	200	24	0	6.675671129	5.290887012	NA	6.85	5.65
0	5	1	REGA	No	0.0016	200	48	0	6.675671129	5.290887012	NA	6.85	5.65
0	5	1	REGA	No	0.0016	200	72	0	6.675671129	5.290887012	NA	6.85	5.65
0	5	1	REGA	No	0.0016	200	96	0	6.675671129	5.290887012	NA	6.85	5.65
0	5	1	REGA	No	0.0016	200	120	0	6.675671129	5.290887012	NA	6.85	5.65
0	5	1	REGA	No	0.0016	200	144	0	6.675671129	5.290887012	NA	6.85	5.65
0	5	1	REGA	No	0.0016	200	168	0	6.675671129	5.290887012	NA	6.85	5.65
0	5	1	REGA	No	0.0016	200	192	0	6.675671129	5.290887012	NA	6.85	5.65
0	5	1	REGA	No	0.0016	200	216	0	6.675671129	5.290887012	NA	6.85	5.65
0	5	1	REGA	No	0.0016	200	240	0	6.675671129	5.290887012	NA	6.85	5.65
0	5	2	REGA	No	0.0016	200	24	0	6.675671129	5.290887012	NA	6.85	5.65
0	5	2	REGA	No	0.0016	200	48	0	6.675671129	5.290887012	NA	6.85	5.65
0	5	2	REGA	No	0.0016	200	72	0	6.675671129	5.290887012	NA	6.85	5.65
0	5	2	REGA	No	0.0016	200	96	0	6.675671129	5.290887012	NA	6.85	5.65
0	5	2	REGA	No	0.0016	200	120	0	6.675671129	5.290887012	NA	6.85	5.65
0	5	2	REGA	No	0.0016	200	144	0	6.675671129	5.290887012	NA	6.85	5.65
0	5	2	REGA	No	0.0016	200	168	0	6.675671129	5.290887012	NA	6.85	5.65
0	5	2	REGA	No	0.0016	200	192	0	6.675671129	5.290887012	NA	6.85	5.65
0	5	2	REGA	No	0.0016	200	216	0	6.675671129	5.591867988	NA	6.85	5.65
0	5	2	REGA	No	0.0016	200	240	0	6.675671129	5.49525681	NA	6.85	5.65
0	5	3	REGA	No	0.0016	200	24	0	6.675671129	5.290887012	NA	6.85	5.65
0	5	3	REGA	No	0.0016	200	48	0	6.675671129	5.290887012	NA	6.85	5.65
0	5	3	REGA	No	0.0016	200	72	0	6.675671129	5.290887012	NA	6.85	5.65
0	5	3	REGA	No	0.0016	200	96	0	6.675671129	5.290887012	NA	6.85	5.65
0	5	3	REGA	No	0.0016	200	120	0	6.675671129	5.290887012	NA	6.85	5.65
0	5	3	REGA	No	0.0016	200	144	0	6.675671129	5.290887012	NA	6.85	5.65
0	5	3	REGA	No	0.0016	200	168	0	6.675671129	5.290887012	NA	6.85	5.65
0	5	3	REGA	No	0.0016	200	192	0	6.675671129	5.290887012	NA	6.85	5.65
0	5	3	REGA	No	0.0016	200	216	0	6.675671129	5.443235407	NA	6.85	5.65
0	5	3	REGA	No	0.0016	200	240	0	6.675671129	5.621594504	NA	6.85	5.65
0	6	0	REGA	No	0.008	200	24	0	6.675671129	5.290887012	NA	6.85	5.65
0	6	0	REGA	No	0.008	200	48	0	6.675671129	5.290887012	NA	6.85	5.65
0	6	0	REGA	No	0.008	200	72	0	6.675671129	5.290887012	NA	6.85	5.65
0	6	0	REGA	No	0.008	200	96	0	6.675671129	5.290887012	NA	6.85	5.65
0	6	0	REGA	No	0.008	200	120	0	6.675671129	5.290887012	NA	6.85	5.65
0	6	0	REGA	No	0.008	200	144	0	6.675671129	5.290887012	NA	6.85	5.65
0	6	0	REGA	No	0.008	200	168	0	6.675671129	5.290887012	NA	6.85	5.65
0	6	0	REGA	No	0.008	200	192	0	6.675671129	5.290887012	NA	6.85	5.65
0	6	0	REGA	No	0.008	200	216	0	6.675671129	5.290887012	NA	6.85	5.65
0	6	0	REGA	No	0.008	200	240	0	6.675671129	5.599299617	NA	6.85	5.65
0	6	1	REGA	No	0.008	200	24	0	6.675671129	5.290887012	NA	6.85	5.65
0	6	1	REGA	No	0.008	200	48	0	6.675671129	5.290887012	NA	6.85	5.65
0	6	1	REGA	No	0.008	200	72	0	6.675671129	5.290887012	NA	6.85	5.65
0	6	1	REGA	No	0.008	200	96	0	6.675671129	5.290887012	NA	6.85	5.65
0	6	1	REGA	No	0.008	200	120	0	6.675671129	5.290887012	NA	6.85	5.65
0	6	1	REGA	No	0.008	200	144	0	6.675671129	5.290887012	NA	6.85	5.65
0	6	1	REGA	No	0.008	200	168	0	6.675671129	5.290887012	NA	6.85	5.65
0	6	1	REGA	No	0.008	200	192	0	6.675671129	5.290887012	NA	6.85	5.65
0	6	1	REGA	No	0.008	200	216	0	6.675671129	5.290887012	NA	6.85	5.65
0	6	1	REGA	No	0.008	200	240	0	6.675671129	5.290887012	NA	6.85	5.65
0	6	2	REGA	No	0.008	200	24	0	6.675671129	5.290887012	NA	6.85	5.65
0	6	2	REGA	No	0.008	200	48	0	6.675671129	5.290887012	NA	6.85	5.65
0	6	2	REGA	No	0.008	200	72	0	6.675671129	5.290887012	NA	6.85	5.65
0	6	2	REGA	No	0.008	200	96	0	6.675671129	5.290887012	NA	6.85	5.65
0	6	2	REGA	No	0.008	200	120	0	6.675671129	5.290887012	NA	6.85	5.65
0	6	2	REGA	No	0.008	200	144	0	6.675671129	5.290887012	NA	6.85	5.65
0	6	2	REGA	No	0.008	200	168	0	6.675671129	5.290887012	NA	6.85	5.65
0	6	2	REGA	No	0.008	200	192	0	6.675671129	5.290887012	NA	6.85	5.65
0	6	2	REGA	No	0.008	200	216	0	6.675671129	5.290887012	NA	6.85	5.65
0	6	2	REGA	No	0.008	200	240	0	6.675671129	5.290887012	NA	6.85	5.65
0	6	3	REGA	No	0.008	200	24	0	6.675671129	5.290887012	NA	6.85	5.65
0	6	3	REGA	No	0.008	200	48	0	6.675671129	5.290887012	NA	6.85	5.65
0	6	3	REGA	No	0.008	200	72	0	6.675671129	5.290887012	NA	6.85	5.65
0	6	3	REGA	No	0.008	200	96	0	6.675671129	5.290887012	NA	6.85	5.65
0	6	3	REGA	No	0.008	200	120	0	6.675671129	5.290887012	NA	6.85	5.65
0	6	3	REGA	No	0.008	200	144	0	6.675671129	5.290887012	NA	6.85	5.65
0	6	3	REGA	No	0.008	200	168	0	6.675671129	5.290887012	NA	6.85	5.65
0	6	3	REGA	No	0.008	200	192	0	6.675671129	5.290887012	NA	6.85	5.65
0	6	3	REGA	No	0.008	200	216	0	6.675671129	5.290887012	NA	6.85	5.65
0	6	3	REGA	No	0.008	200	240	0	6.675671129	5.733068939	NA	6.85	5.65
1	0	0	REGA	Yes	0	200	24	0	6.675671129	5.290887012	NA	6.85	5.65
1	0	0	REGA	Yes	0	200	48	0	6.861351253	6.751202114	NA	6.85	5.65
1	0	0	REGA	Yes	0	200	72	0	7.916351956	8.531077262	NA	6.85	5.65
1	0	0	REGA	Yes	0	200	96	0	8.892579274	9.645821614	NA	6.85	5.65
1	0	0	REGA	Yes	0	200	120	0	9.427112963	9.894781186	NA	6.85	5.65
1	0	0	REGA	Yes	0	200	144	0	9.531206366	9.801885823	NA	6.85	5.65
1	0	0	REGA	Yes	0	200	168	0	9.714073155	9.177628986	NA	6.85	5.65
1	0	0	REGA	Yes	0	200	192	0	10.04042004	9.508336477	NA	6.85	5.65
1	0	0	REGA	Yes	0	200	216	0	10.00947335	9.355988083	NA	6.85	5.65
1	0	0	REGA	Yes	0	200	240	0	9.033246034	9.415441115	NA	6.85	5.65
1	0	1	REGA	Yes	0	200	24	0	6.675671129	5.290887012	NA	6.85	5.65
1	0	1	REGA	Yes	0	200	48	0	6.88667127	6.799507702	NA	6.85	5.65
1	0	1	REGA	Yes	0	200	72	0	7.882591934	8.330423279	NA	6.85	5.65
1	0	1	REGA	Yes	0	200	96	0	9.092326073	9.694127203	NA	6.85	5.65
1	0	1	REGA	Yes	0	200	120	0	9.345526242	9.738716977	NA	6.85	5.65
1	0	1	REGA	Yes	0	200	144	0	9.649366445	9.71642209	NA	6.85	5.65
1	0	1	REGA	Yes	0	200	168	0	9.790033205	9.277955978	NA	6.85	5.65
1	0	1	REGA	Yes	0	200	192	0	9.998220011	9.534347179	NA	6.85	5.65
1	0	1	REGA	Yes	0	200	216	0	9.885686602	9.463746703	NA	6.85	5.65
1	0	1	REGA	Yes	0	200	240	0	9.137339437	9.296535051	NA	6.85	5.65
1	0	2	REGA	Yes	0	200	24	0	6.675671129	5.290887012	NA	6.85	5.65
1	0	2	REGA	Yes	0	200	48	0	6.838844571	6.88868725	NA	6.85	5.65
1	0	2	REGA	Yes	0	200	72	0	7.905098615	8.716867988	NA	6.85	5.65
1	0	2	REGA	Yes	0	200	96	0	8.965725989	9.575221139	NA	6.85	5.65
1	0	2	REGA	Yes	0	200	120	0	9.410232952	9.954234218	NA	6.85	5.65
1	0	2	REGA	Yes	0	200	144	0	9.674686462	9.816749081	NA	6.85	5.65
1	0	2	REGA	Yes	0	200	168	0	9.778779864	9.140470841	NA	6.85	5.65
1	0	2	REGA	Yes	0	200	192	0	9.925073295	9.463746703	NA	6.85	5.65
1	0	2	REGA	Yes	0	200	216	0	10.07418006	9.4117253	NA	6.85	5.65
1	0	2	REGA	Yes	0	200	240	0	9.210486152	9.341124825	NA	6.85	5.65
1	0	3	REGA	Yes	0	200	24	0	6.675671129	5.290887012	NA	6.85	5.65
1	0	3	REGA	Yes	0	200	48	0	6.788204537	6.617432791	NA	6.85	5.65
1	0	3	REGA	Yes	0	200	72	0	7.910725286	8.594246109	NA	6.85	5.65
1	0	3	REGA	Yes	0	200	96	0	8.960099319	9.638389985	NA	6.85	5.65
1	0	3	REGA	Yes	0	200	120	0	9.356779583	9.753580235	NA	6.85	5.65
1	0	3	REGA	Yes	0	200	144	0	9.570593059	9.623526727	NA	6.85	5.65
1	0	3	REGA	Yes	0	200	168	0	9.795659876	9.30396668	NA	6.85	5.65
1	0	3	REGA	Yes	0	200	192	0	9.860366586	9.441451816	NA	6.85	5.65
1	0	3	REGA	Yes	0	200	216	0	9.739393172	9.370851341	NA	6.85	5.65
1	0	3	REGA	Yes	0	200	240	0	9.052939381	9.33740901	NA	6.85	5.65
1	0	4	REGA	Yes	0	200	24	0	6.675671129	5.290887012	NA	6.85	5.65
1	0	4	REGA	Yes	0	200	48	0	7.125804762	6.766065372	NA	6.85	5.65
1	0	4	REGA	Yes	0	200	72	0	6.675671129	5.290887012	NA	6.85	5.65
1	0	4	REGA	Yes	0	200	96	0	9.04168604	9.571505324	NA	6.85	5.65
1	0	4	REGA	Yes	0	200	120	0	9.393352941	9.920791888	NA	6.85	5.65
1	0	4	REGA	Yes	0	200	144	0	9.643739774	9.701558832	NA	6.85	5.65
1	0	4	REGA	Yes	0	200	168	0	9.615606422	9.095881067	NA	6.85	5.65
1	0	4	REGA	Yes	0	200	192	0	9.92225996	9.393146228	NA	6.85	5.65
1	0	4	REGA	Yes	0	200	216	0	9.85192658	9.307682494	NA	6.85	5.65
1	0	4	REGA	Yes	0	200	240	0	9.083886068	9.33740901	NA	6.85	5.65
1	0	5	REGA	Yes	0	200	24	0	6.675671129	5.290887012	NA	6.85	5.65
1	0	5	REGA	Yes	0	200	48	0	6.675671129	6.818086775	NA	6.85	5.65
1	0	5	REGA	Yes	0	200	72	0	7.933231967	8.467908416	NA	6.85	5.65
1	0	5	REGA	Yes	0	200	96	0	8.97697933	9.534347179	NA	6.85	5.65
1	0	5	REGA	Yes	0	200	120	0	9.342712907	9.787022565	NA	6.85	5.65
1	0	5	REGA	Yes	0	200	144	0	9.559339718	9.708990461	NA	6.85	5.65
1	0	5	REGA	Yes	0	200	168	0	9.736579836	5.825964301	NA	6.85	5.65
1	0	5	REGA	Yes	0	200	192	0	9.815353222	9.374567155	NA	6.85	5.65
1	0	5	REGA	Yes	0	200	216	0	9.885686602	9.33740901	NA	6.85	5.65
1	0	5	REGA	Yes	0	200	240	0	9.289259538	9.329977381	NA	6.85	5.65
1	1	0	REGA	Yes	0.00000256	200	24	0	6.675671129	5.290887012	NA	6.85	5.65
1	1	0	REGA	Yes	0.00000256	200	48	0	6.675671129	6.472516026	NA	6.85	5.65
1	1	0	REGA	Yes	0.00000256	200	72	0	7.772871861	8.226380473	NA	6.85	5.65
1	1	0	REGA	Yes	0.00000256	200	96	0	8.732219167	9.541778808	NA	6.85	5.65
1	1	0	REGA	Yes	0.00000256	200	120	0	9.323019561	9.712706275	NA	6.85	5.65
1	1	0	REGA	Yes	0.00000256	200	144	0	9.643739774	9.787022565	NA	6.85	5.65
1	1	0	REGA	Yes	0.00000256	200	168	0	9.767526524	9.277955978	NA	6.85	5.65
1	1	0	REGA	Yes	0.00000256	200	192	0	9.85192658	9.434020187	NA	6.85	5.65
1	1	0	REGA	Yes	0.00000256	200	216	0	9.837859904	9.22221876	NA	6.85	5.65
1	1	0	REGA	Yes	0.00000256	200	240	0	9.190792806	9.341124825	NA	6.85	5.65
1	1	1	REGA	Yes	0.00000256	200	24	0	6.675671129	5.290887012	NA	6.85	5.65
1	1	1	REGA	Yes	0.00000256	200	48	0	6.675671129	6.59142209	NA	6.85	5.65
1	1	1	REGA	Yes	0.00000256	200	72	0	7.739111838	8.241243731	NA	6.85	5.65
1	1	1	REGA	Yes	0.00000256	200	96	0	8.884139268	9.463746703	NA	6.85	5.65
1	1	1	REGA	Yes	0.00000256	200	120	0	9.31739289	9.894781186	NA	6.85	5.65
1	1	1	REGA	Yes	0.00000256	200	144	0	9.528393031	9.660684872	NA	6.85	5.65
1	1	1	REGA	Yes	0.00000256	200	168	0	NA	NA	NA	6.85	5.65
1	1	1	REGA	Yes	0.00000256	200	192	0	9.753459848	9.374567155	NA	6.85	5.65
1	1	1	REGA	Yes	0.00000256	200	216	0	9.700006479	9.277955978	NA	6.85	5.65
1	1	1	REGA	Yes	0.00000256	200	240	0	NA	NA	NA	6.85	5.65
1	1	2	REGA	Yes	0.00000256	200	24	0	6.675671129	5.290887012	NA	6.85	5.65
1	1	2	REGA	Yes	0.00000256	200	48	0	6.675671129	6.632296049	NA	6.85	5.65
1	1	2	REGA	Yes	0.00000256	200	72	0	7.823511894	8.222664658	NA	6.85	5.65
1	1	2	REGA	Yes	0.00000256	200	96	0	8.901019279	9.493473219	NA	6.85	5.65
1	1	2	REGA	Yes	0.00000256	200	120	0	9.294886209	9.768443493	NA	6.85	5.65
1	1	2	REGA	Yes	0.00000256	200	144	0	9.570593059	10.02111888	NA	6.85	5.65
1	1	2	REGA	Yes	0.00000256	200	168	0	9.747833177	9.199923873	NA	6.85	5.65
1	1	2	REGA	Yes	0.00000256	200	192	0	9.894126608	9.430304373	NA	6.85	5.65
1	1	2	REGA	Yes	0.00000256	200	216	0	9.894126608	9.307682494	NA	6.85	5.65
1	1	2	REGA	Yes	0.00000256	200	240	0	9.016366023	9.333693196	NA	6.85	5.65
1	1	3	REGA	Yes	0.00000256	200	24	0	6.675671129	5.290887012	NA	6.85	5.65
1	1	3	REGA	Yes	0.00000256	200	48	0	6.675671129	6.621148606	NA	6.85	5.65
1	1	3	REGA	Yes	0.00000256	200	72	0	7.907911951	8.378728867	NA	6.85	5.65
1	1	3	REGA	Yes	0.00000256	200	96	0	8.962912654	9.627242542	NA	6.85	5.65
1	1	3	REGA	Yes	0.00000256	200	120	0	9.348339577	9.842759783	NA	6.85	5.65
1	1	3	REGA	Yes	0.00000256	200	144	0	9.761899853	9.500904848	NA	6.85	5.65
1	1	3	REGA	Yes	0.00000256	200	168	0	NA	NA	NA	6.85	5.65
1	1	3	REGA	Yes	0.00000256	200	192	0	9.728139831	9.329977381	NA	6.85	5.65
1	1	3	REGA	Yes	0.00000256	200	216	0	9.896939943	9.434020187	NA	6.85	5.65
1	1	3	REGA	Yes	0.00000256	200	240	0	9.078259397	9.422872744	NA	6.85	5.65
1	2	0	REGA	Yes	0.0000128	200	24	0	6.675671129	5.290887012	NA	6.85	5.65
1	2	0	REGA	Yes	0.0000128	200	48	0	6.675671129	6.539400687	NA	6.85	5.65
1	2	0	REGA	Yes	0.0000128	200	72	0	7.812258553	8.044305562	NA	6.85	5.65
1	2	0	REGA	Yes	0.0000128	200	96	0	8.625312429	9.545494622	NA	6.85	5.65
1	2	0	REGA	Yes	0.0000128	200	120	0	9.275192862	9.839043968	NA	6.85	5.65
1	2	0	REGA	Yes	0.0000128	200	144	0	9.618419758	9.801885823	NA	6.85	5.65
1	2	0	REGA	Yes	0.0000128	200	168	0	9.804099881	9.277955978	NA	6.85	5.65
1	2	0	REGA	Yes	0.0000128	200	192	0	9.919446625	9.415441115	NA	6.85	5.65
1	2	0	REGA	Yes	0.0000128	200	216	0	NA	NA	NA	6.85	5.65
1	2	0	REGA	Yes	0.0000128	200	240	0	9.235806169	9.30396668	NA	6.85	5.65
1	2	1	REGA	Yes	0.0000128	200	24	0	6.675671129	5.290887012	NA	6.85	5.65
1	2	1	REGA	Yes	0.0000128	200	48	0	6.675671129	6.743770485	NA	6.85	5.65
1	2	1	REGA	Yes	0.0000128	200	72	0	6.675671129	7.962557643	NA	6.85	5.65
1	2	1	REGA	Yes	0.0000128	200	96	0	8.698459144	9.467462518	NA	6.85	5.65
1	2	1	REGA	Yes	0.0000128	200	120	0	9.081072733	10.0508454	NA	6.85	5.65
1	2	1	REGA	Yes	0.0000128	200	144	0	9.536833036	9.746148606	NA	6.85	5.65
1	2	1	REGA	Yes	0.0000128	200	168	0	NA	NA	NA	6.85	5.65
1	2	1	REGA	Yes	0.0000128	200	192	0	9.775966529	9.504620663	NA	6.85	5.65
1	2	1	REGA	Yes	0.0000128	200	216	0	9.877246597	9.355988083	NA	6.85	5.65
1	2	1	REGA	Yes	0.0000128	200	240	0	9.072632727	9.218502946	NA	6.85	5.65
1	2	2	REGA	Yes	0.0000128	200	24	0	6.675671129	5.290887012	NA	6.85	5.65
1	2	2	REGA	Yes	0.0000128	200	48	0	6.675671129	6.25328297	NA	6.85	5.65
1	2	2	REGA	Yes	0.0000128	200	72	0	6.675671129	8.01829486	NA	6.85	5.65
1	2	2	REGA	Yes	0.0000128	200	96	0	8.594365742	9.460030889	NA	6.85	5.65
1	2	2	REGA	Yes	0.0000128	200	120	0	9.294886209	9.887349557	NA	6.85	5.65
1	2	2	REGA	Yes	0.0000128	200	144	0	9.480566332	10.01368725	NA	6.85	5.65
1	2	2	REGA	Yes	0.0000128	200	168	0	9.739393172	9.463746703	NA	6.85	5.65
1	2	2	REGA	Yes	0.0000128	200	192	0	9.761899853	9.434020187	NA	6.85	5.65
1	2	2	REGA	Yes	0.0000128	200	216	0	9.888499938	9.497189034	NA	6.85	5.65
1	2	2	REGA	Yes	0.0000128	200	240	0	9.030432699	9.322545752	NA	6.85	5.65
1	2	3	REGA	Yes	0.0000128	200	24	0	6.675671129	5.290887012	NA	6.85	5.65
1	2	3	REGA	Yes	0.0000128	200	48	0	6.675671129	6.509674171	NA	6.85	5.65
1	2	3	REGA	Yes	0.0000128	200	72	0	6.675671129	8.278401876	NA	6.85	5.65
1	2	3	REGA	Yes	0.0000128	200	96	0	8.732219167	9.448883445	NA	6.85	5.65
1	2	3	REGA	Yes	0.0000128	200	120	0	9.207672817	9.79073838	NA	6.85	5.65
1	2	3	REGA	Yes	0.0000128	200	144	0	9.413046287	9.634674171	NA	6.85	5.65
1	2	3	REGA	Yes	0.0000128	200	168	0	9.71688649	9.300250865	NA	6.85	5.65
1	2	3	REGA	Yes	0.0000128	200	192	0	9.877246597	9.374567155	NA	6.85	5.65
1	2	3	REGA	Yes	0.0000128	200	216	0	9.823793228	9.471178332	NA	6.85	5.65
1	2	3	REGA	Yes	0.0000128	200	240	0	9.050126045	9.311398309	NA	6.85	5.65
1	3	0	REGA	Yes	0.000064	200	24	0	6.675671129	5.290887012	NA	6.85	5.65
1	3	0	REGA	Yes	0.000064	200	48	0	6.675671129	5.290887012	NA	6.85	5.65
1	3	0	REGA	Yes	0.000064	200	72	0	6.675671129	5.290887012	NA	6.85	5.65
1	3	0	REGA	Yes	0.000064	200	96	0	7.471844993	8.01829486	NA	6.85	5.65
1	3	0	REGA	Yes	0.000064	200	120	0	8.023258694	8.80976335	NA	6.85	5.65
1	3	0	REGA	Yes	0.000064	200	144	0	8.715339155	8.988122446	NA	6.85	5.65
1	3	0	REGA	Yes	0.000064	200	168	0	8.439632305	8.434466085	NA	6.85	5.65
1	3	0	REGA	Yes	0.000064	200	192	0	8.799739212	9.363419712	NA	6.85	5.65
1	3	0	REGA	Yes	0.000064	200	216	0	9.790033205	9.891065372	NA	6.85	5.65
1	3	0	REGA	Yes	0.000064	200	240	0	8.467765657	10.0508454	NA	6.85	5.65
1	3	1	REGA	Yes	0.000064	200	24	0	6.675671129	5.290887012	NA	6.85	5.65
1	3	1	REGA	Yes	0.000064	200	48	0	6.675671129	5.290887012	NA	6.85	5.65
1	3	1	REGA	Yes	0.000064	200	72	0	6.675671129	5.714489866	NA	6.85	5.65
1	3	1	REGA	Yes	0.000064	200	96	0	7.151124779	6.769781186	NA	6.85	5.65
1	3	1	REGA	Yes	0.000064	200	120	0	8.24269884	8.891511269	NA	6.85	5.65
1	3	1	REGA	Yes	0.000064	200	144	0	8.602805747	9.311398309	NA	6.85	5.65
1	3	1	REGA	Yes	0.000064	200	168	0	9.227366164	9.701558832	NA	6.85	5.65
1	3	1	REGA	Yes	0.000064	200	192	0	9.328646231	9.868770485	NA	6.85	5.65
1	3	1	REGA	Yes	0.000064	200	216	0	9.79284654	10.14002494	NA	6.85	5.65
1	3	1	REGA	Yes	0.000064	200	240	0	8.71252582	9.853907227	NA	6.85	5.65
1	3	2	REGA	Yes	0.000064	200	24	0	6.675671129	5.290887012	NA	6.85	5.65
1	3	2	REGA	Yes	0.000064	200	48	0	6.675671129	5.290887012	NA	6.85	5.65
1	3	2	REGA	Yes	0.000064	200	72	0	6.675671129	5.491540996	NA	6.85	5.65
1	3	2	REGA	Yes	0.000064	200	96	0	7.024524695	6.602569533	NA	6.85	5.65
1	3	2	REGA	Yes	0.000064	200	120	0	8.318658891	8.962111745	NA	6.85	5.65
1	3	2	REGA	Yes	0.000064	200	144	0	8.313032221	9.025280592	NA	6.85	5.65
1	3	2	REGA	Yes	0.000064	200	168	0	8.946032643	9.727569533	NA	6.85	5.65
1	3	2	REGA	Yes	0.000064	200	192	0	9.595913076	10.06570865	NA	6.85	5.65
1	3	2	REGA	Yes	0.000064	200	216	0	9.764713188	9.761011864	NA	6.85	5.65
1	3	2	REGA	Yes	0.000064	200	240	0	8.464952322	10.11029843	NA	6.85	5.65
1	3	3	REGA	Yes	0.000064	200	24	0	6.675671129	5.290887012	NA	6.85	5.65
1	3	3	REGA	Yes	0.000064	200	48	0	6.675671129	5.290887012	NA	6.85	5.65
1	3	3	REGA	Yes	0.000064	200	72	0	6.675671129	5.577004729	NA	6.85	5.65
1	3	3	REGA	Yes	0.000064	200	96	0	7.283351534	7.104204492	NA	6.85	5.65
1	3	3	REGA	Yes	0.000064	200	120	0	8.169552125	8.984406632	NA	6.85	5.65
1	3	3	REGA	Yes	0.000064	200	144	0	8.298965545	8.787468463	NA	6.85	5.65
1	3	3	REGA	Yes	0.000064	200	168	0	9.064192721	9.326261567	NA	6.85	5.65
1	3	3	REGA	Yes	0.000064	200	192	0	9.736579836	9.738716977	NA	6.85	5.65
1	3	3	REGA	Yes	0.000064	200	216	0	9.562153053	9.913360259	NA	6.85	5.65
1	3	3	REGA	Yes	0.000064	200	240	0	9.078259397	10.02483469	NA	6.85	5.65
1	4	0	REGA	Yes	0.00032	200	24	0	6.675671129	5.290887012	NA	6.85	5.65
1	4	0	REGA	Yes	0.00032	200	48	0	6.675671129	5.290887012	NA	6.85	5.65
1	4	0	REGA	Yes	0.00032	200	72	0	6.675671129	5.290887012	NA	6.85	5.65
1	4	0	REGA	Yes	0.00032	200	96	0	6.675671129	5.290887012	NA	6.85	5.65
1	4	0	REGA	Yes	0.00032	200	120	0	6.675671129	5.290887012	NA	6.85	5.65
1	4	0	REGA	Yes	0.00032	200	144	0	6.675671129	5.290887012	NA	6.85	5.65
1	4	0	REGA	Yes	0.00032	200	168	0	6.675671129	5.290887012	NA	6.85	5.65
1	4	0	REGA	Yes	0.00032	200	192	0	6.675671129	5.487825181	NA	6.85	5.65
1	4	0	REGA	Yes	0.00032	200	216	0	6.675671129	5.588152173	NA	6.85	5.65
1	4	0	REGA	Yes	0.00032	200	240	0	NA	NA	NA	6.85	5.65
1	4	1	REGA	Yes	0.00032	200	24	0	6.675671129	5.290887012	NA	6.85	5.65
1	4	1	REGA	Yes	0.00032	200	48	0	6.675671129	5.290887012	NA	6.85	5.65
1	4	1	REGA	Yes	0.00032	200	72	0	6.675671129	5.290887012	NA	6.85	5.65
1	4	1	REGA	Yes	0.00032	200	96	0	6.675671129	5.290887012	NA	6.85	5.65
1	4	1	REGA	Yes	0.00032	200	120	0	6.675671129	5.290887012	NA	6.85	5.65
1	4	1	REGA	Yes	0.00032	200	144	0	6.675671129	5.290887012	NA	6.85	5.65
1	4	1	REGA	Yes	0.00032	200	168	0	6.675671129	5.290887012	NA	6.85	5.65
1	4	1	REGA	Yes	0.00032	200	192	0	6.675671129	9.593800211	NA	6.85	5.65
1	4	1	REGA	Yes	0.00032	200	216	0	6.675671129	5.647605205	NA	6.85	5.65
1	4	1	REGA	Yes	0.00032	200	240	0	6.675671129	5.629026133	NA	6.85	5.65
1	4	2	REGA	Yes	0.00032	200	24	0	6.675671129	5.290887012	NA	6.85	5.65
1	4	2	REGA	Yes	0.00032	200	48	0	6.675671129	5.290887012	NA	6.85	5.65
1	4	2	REGA	Yes	0.00032	200	72	0	6.675671129	5.290887012	NA	6.85	5.65
1	4	2	REGA	Yes	0.00032	200	96	0	6.675671129	5.290887012	NA	6.85	5.65
1	4	2	REGA	Yes	0.00032	200	120	0	6.675671129	5.290887012	NA	6.85	5.65
1	4	2	REGA	Yes	0.00032	200	144	0	6.675671129	5.290887012	NA	6.85	5.65
1	4	2	REGA	Yes	0.00032	200	168	0	6.675671129	5.290887012	NA	6.85	5.65
1	4	2	REGA	Yes	0.00032	200	192	0	6.675671129	5.290887012	NA	6.85	5.65
1	4	2	REGA	Yes	0.00032	200	216	0	6.675671129	5.83339593	NA	6.85	5.65
1	4	2	REGA	Yes	0.00032	200	240	0	6.675671129	5.294602827	NA	6.85	5.65
1	4	3	REGA	Yes	0.00032	200	24	0	6.675671129	5.290887012	NA	6.85	5.65
1	4	3	REGA	Yes	0.00032	200	48	0	6.675671129	5.290887012	NA	6.85	5.65
1	4	3	REGA	Yes	0.00032	200	72	0	6.675671129	5.733068939	NA	6.85	5.65
1	4	3	REGA	Yes	0.00032	200	96	0	6.675671129	5.290887012	NA	6.85	5.65
1	4	3	REGA	Yes	0.00032	200	120	0	6.675671129	5.290887012	NA	6.85	5.65
1	4	3	REGA	Yes	0.00032	200	144	0	6.675671129	5.290887012	NA	6.85	5.65
1	4	3	REGA	Yes	0.00032	200	168	0	6.675671129	5.290887012	NA	6.85	5.65
1	4	3	REGA	Yes	0.00032	200	192	0	6.675671129	5.290887012	NA	6.85	5.65
1	4	3	REGA	Yes	0.00032	200	216	0	9.249872845	9.500904848	NA	6.85	5.65
1	4	3	REGA	Yes	0.00032	200	240	0	6.675671129	5.617878689	NA	6.85	5.65
1	5	0	REGA	Yes	0.0016	200	24	0	6.675671129	5.290887012	NA	6.85	5.65
1	5	0	REGA	Yes	0.0016	200	48	0	6.675671129	5.290887012	NA	6.85	5.65
1	5	0	REGA	Yes	0.0016	200	72	0	6.675671129	5.290887012	NA	6.85	5.65
1	5	0	REGA	Yes	0.0016	200	96	0	6.675671129	5.290887012	NA	6.85	5.65
1	5	0	REGA	Yes	0.0016	200	120	0	6.675671129	5.290887012	NA	6.85	5.65
1	5	0	REGA	Yes	0.0016	200	144	0	6.675671129	5.290887012	NA	6.85	5.65
1	5	0	REGA	Yes	0.0016	200	168	0	6.675671129	5.290887012	NA	6.85	5.65
1	5	0	REGA	Yes	0.0016	200	192	0	6.675671129	5.595583802	NA	6.85	5.65
1	5	0	REGA	Yes	0.0016	200	216	0	6.675671129	5.290887012	NA	6.85	5.65
1	5	0	REGA	Yes	0.0016	200	240	0	6.675671129	5.636457762	NA	6.85	5.65
1	5	1	REGA	Yes	0.0016	200	24	0	6.675671129	5.290887012	NA	6.85	5.65
1	5	1	REGA	Yes	0.0016	200	48	0	6.675671129	5.290887012	NA	6.85	5.65
1	5	1	REGA	Yes	0.0016	200	72	0	6.675671129	5.290887012	NA	6.85	5.65
1	5	1	REGA	Yes	0.0016	200	96	0	6.675671129	5.290887012	NA	6.85	5.65
1	5	1	REGA	Yes	0.0016	200	120	0	6.675671129	5.290887012	NA	6.85	5.65
1	5	1	REGA	Yes	0.0016	200	144	0	6.675671129	5.290887012	NA	6.85	5.65
1	5	1	REGA	Yes	0.0016	200	168	0	6.675671129	5.290887012	NA	6.85	5.65
1	5	1	REGA	Yes	0.0016	200	192	0	6.675671129	5.855690817	NA	6.85	5.65
1	5	1	REGA	Yes	0.0016	200	216	0	6.675671129	5.290887012	NA	6.85	5.65
1	5	1	REGA	Yes	0.0016	200	240	0	6.675671129	5.881701519	NA	6.85	5.65
1	5	2	REGA	Yes	0.0016	200	24	0	6.675671129	5.290887012	NA	6.85	5.65
1	5	2	REGA	Yes	0.0016	200	48	0	6.675671129	5.290887012	NA	6.85	5.65
1	5	2	REGA	Yes	0.0016	200	72	0	6.675671129	5.290887012	NA	6.85	5.65
1	5	2	REGA	Yes	0.0016	200	96	0	6.675671129	5.290887012	NA	6.85	5.65
1	5	2	REGA	Yes	0.0016	200	120	0	6.675671129	5.290887012	NA	6.85	5.65
1	5	2	REGA	Yes	0.0016	200	144	0	6.675671129	5.290887012	NA	6.85	5.65
1	5	2	REGA	Yes	0.0016	200	168	0	6.675671129	5.290887012	NA	6.85	5.65
1	5	2	REGA	Yes	0.0016	200	192	0	6.675671129	5.982028511	NA	6.85	5.65
1	5	2	REGA	Yes	0.0016	200	216	0	6.675671129	5.290887012	NA	6.85	5.65
1	5	2	REGA	Yes	0.0016	200	240	0	6.675671129	5.5695731	NA	6.85	5.65
1	5	3	REGA	Yes	0.0016	200	24	0	6.675671129	5.290887012	NA	6.85	5.65
1	5	3	REGA	Yes	0.0016	200	48	0	6.675671129	5.290887012	NA	6.85	5.65
1	5	3	REGA	Yes	0.0016	200	72	0	6.675671129	5.290887012	NA	6.85	5.65
1	5	3	REGA	Yes	0.0016	200	96	0	6.675671129	5.290887012	NA	6.85	5.65
1	5	3	REGA	Yes	0.0016	200	120	0	6.675671129	5.290887012	NA	6.85	5.65
1	5	3	REGA	Yes	0.0016	200	144	0	6.675671129	5.290887012	NA	6.85	5.65
1	5	3	REGA	Yes	0.0016	200	168	0	6.675671129	5.290887012	NA	6.85	5.65
1	5	3	REGA	Yes	0.0016	200	192	0	6.675671129	5.290887012	NA	6.85	5.65
1	5	3	REGA	Yes	0.0016	200	216	0	6.675671129	5.290887012	NA	6.85	5.65
1	5	3	REGA	Yes	0.0016	200	240	0	6.675671129	5.290887012	NA	6.85	5.65
1	6	0	REGA	Yes	0.008	200	24	0	6.675671129	5.290887012	NA	6.85	5.65
1	6	0	REGA	Yes	0.008	200	48	0	6.675671129	5.290887012	NA	6.85	5.65
1	6	0	REGA	Yes	0.008	200	72	0	6.675671129	5.290887012	NA	6.85	5.65
1	6	0	REGA	Yes	0.008	200	96	0	6.675671129	5.290887012	NA	6.85	5.65
1	6	0	REGA	Yes	0.008	200	120	0	6.675671129	5.290887012	NA	6.85	5.65
1	6	0	REGA	Yes	0.008	200	144	0	6.675671129	5.290887012	NA	6.85	5.65
1	6	0	REGA	Yes	0.008	200	168	0	6.675671129	5.290887012	NA	6.85	5.65
1	6	0	REGA	Yes	0.008	200	192	0	6.675671129	5.290887012	NA	6.85	5.65
1	6	0	REGA	Yes	0.008	200	216	0	6.675671129	5.3131819	NA	6.85	5.65
1	6	0	REGA	Yes	0.008	200	240	0	6.675671129	5.970881067	NA	6.85	5.65
1	6	1	REGA	Yes	0.008	200	24	0	6.675671129	5.290887012	NA	6.85	5.65
1	6	1	REGA	Yes	0.008	200	48	0	6.675671129	5.290887012	NA	6.85	5.65
1	6	1	REGA	Yes	0.008	200	72	0	6.675671129	5.290887012	NA	6.85	5.65
1	6	1	REGA	Yes	0.008	200	96	0	6.675671129	5.290887012	NA	6.85	5.65
1	6	1	REGA	Yes	0.008	200	120	0	6.675671129	5.290887012	NA	6.85	5.65
1	6	1	REGA	Yes	0.008	200	144	0	6.675671129	5.290887012	NA	6.85	5.65
1	6	1	REGA	Yes	0.008	200	168	0	6.675671129	5.290887012	NA	6.85	5.65
1	6	1	REGA	Yes	0.008	200	192	0	6.675671129	5.603015431	NA	6.85	5.65
1	6	1	REGA	Yes	0.008	200	216	0	6.675671129	5.640173576	NA	6.85	5.65
1	6	1	REGA	Yes	0.008	200	240	0	NA	NA	NA	6.85	5.65
1	6	2	REGA	Yes	0.008	200	24	0	6.675671129	5.290887012	NA	6.85	5.65
1	6	2	REGA	Yes	0.008	200	48	0	6.675671129	5.290887012	NA	6.85	5.65
1	6	2	REGA	Yes	0.008	200	72	0	6.675671129	5.290887012	NA	6.85	5.65
1	6	2	REGA	Yes	0.008	200	96	0	6.675671129	5.290887012	NA	6.85	5.65
1	6	2	REGA	Yes	0.008	200	120	0	6.675671129	5.290887012	NA	6.85	5.65
1	6	2	REGA	Yes	0.008	200	144	0	6.675671129	5.290887012	NA	6.85	5.65
1	6	2	REGA	Yes	0.008	200	168	0	6.675671129	5.290887012	NA	6.85	5.65
1	6	2	REGA	Yes	0.008	200	192	0	6.675671129	5.290887012	NA	6.85	5.65
1	6	2	REGA	Yes	0.008	200	216	0	6.675671129	5.677331721	NA	6.85	5.65
1	6	2	REGA	Yes	0.008	200	240	0	6.675671129	5.290887012	NA	6.85	5.65
1	6	3	REGA	Yes	0.008	200	24	0	6.675671129	5.290887012	NA	6.85	5.65
1	6	3	REGA	Yes	0.008	200	48	0	6.675671129	5.290887012	NA	6.85	5.65
1	6	3	REGA	Yes	0.008	200	72	0	6.675671129	5.290887012	NA	6.85	5.65
1	6	3	REGA	Yes	0.008	200	96	0	6.675671129	5.290887012	NA	6.85	5.65
1	6	3	REGA	Yes	0.008	200	120	0	6.675671129	5.290887012	NA	6.85	5.65
1	6	3	REGA	Yes	0.008	200	144	0	6.675671129	5.290887012	NA	6.85	5.65
1	6	3	REGA	Yes	0.008	200	168	0	6.675671129	5.290887012	NA	6.85	5.65
1	6	3	REGA	Yes	0.008	200	192	0	6.675671129	5.290887012	NA	6.85	5.65
1	6	3	REGA	Yes	0.008	200	216	0	6.675671129	5.290887012	NA	6.85	5.65
1	6	3	REGA	Yes	0.008	200	240	0	6.675671129	5.747932197	NA	6.85	5.65
2	0	0	16681	No	0	200	24	0	6.675671129	4.942805506	NA	6.85	5.03
2	0	0	16681	No	0	200	48	0	6.675671129	6.005570234	NA	6.85	5.03
2	0	0	16681	No	0	200	72	0	7.125804762	9.089898305	NA	6.85	5.03
2	0	0	16681	No	0	200	96	0	8.50715235	7.380233307	NA	6.85	5.03
2	0	0	16681	No	0	200	120	0	8.979792665	9.844615286	NA	6.85	5.03
2	0	0	16681	No	0	200	144	0	9.508699684	10.36444586	NA	6.85	5.03
2	0	0	16681	No	0	200	168	0	9.739393172	10.32593989	NA	6.85	5.03
2	0	0	16681	No	0	200	192	0	9.778779864	10.0756511	NA	6.85	5.03
2	0	0	16681	No	0	200	216	0	9.877246597	9.990937966	NA	6.85	5.03
2	0	0	16681	No	0	200	240	0	9.773153194	9.92547782	NA	6.85	5.03
2	0	1	16681	No	0	200	24	0	6.675671129	4.942805506	NA	6.85	5.03
2	0	1	16681	No	0	200	48	0	6.675671129	6.502297227	NA	6.85	5.03
2	0	1	16681	No	0	200	72	0	7.317111557	9.12070308	NA	6.85	5.03
2	0	1	16681	No	0	200	96	0	8.44244564	7.692131652	NA	6.85	5.03
2	0	1	16681	No	0	200	120	0	8.943219307	9.740649172	NA	6.85	5.03
2	0	1	16681	No	0	200	144	0	9.590286405	10.36444586	NA	6.85	5.03
2	0	1	16681	No	0	200	168	0	9.902566614	10.33364109	NA	6.85	5.03
2	0	1	16681	No	0	200	192	0	9.899753278	10.16806542	NA	6.85	5.03
2	0	1	16681	No	0	200	216	0	9.829419898	10.03714513	NA	6.85	5.03
2	0	1	16681	No	0	200	240	0	9.868806591	9.906224836	NA	6.85	5.03
2	0	2	16681	No	0	200	24	0	6.675671129	4.942805506	NA	6.85	5.03
2	0	2	16681	No	0	200	48	0	6.675671129	6.198100077	NA	6.85	5.03
2	0	2	16681	No	0	200	72	0	7.333991568	9.128404274	NA	6.85	5.03
2	0	2	16681	No	0	200	96	0	8.422752294	7.726787023	NA	6.85	5.03
2	0	2	16681	No	0	200	120	0	9.083886068	10.07950169	NA	6.85	5.03
2	0	2	16681	No	0	200	144	0	9.548086377	10.39140004	NA	6.85	5.03
2	0	2	16681	No	0	200	168	0	9.894126608	10.35289407	NA	6.85	5.03
2	0	2	16681	No	0	200	192	0	9.767526524	10.12185826	NA	6.85	5.03
2	0	2	16681	No	0	200	216	0	9.905379949	10.05639811	NA	6.85	5.03
2	0	2	16681	No	0	200	240	0	9.78721987	9.952431998	NA	6.85	5.03
2	0	3	16681	No	0	200	24	0	6.675671129	4.942805506	NA	6.85	5.03
2	0	3	16681	No	0	200	48	0	6.675671129	5.967064266	NA	6.85	5.03
2	0	3	16681	No	0	200	72	0	7.013271354	9.128404274	NA	6.85	5.03
2	0	3	16681	No	0	200	96	0	8.428378964	7.384083904	NA	6.85	5.03
2	0	3	16681	No	0	200	120	0	9.249872845	10.15651363	NA	6.85	5.03
2	0	3	16681	No	0	200	144	0	9.449619645	10.24892795	NA	6.85	5.03
2	0	3	16681	No	0	200	168	0	9.742206507	10.28743392	NA	6.85	5.03
2	0	3	16681	No	0	200	192	0	9.849113245	10.24892795	NA	6.85	5.03
2	0	3	16681	No	0	200	216	0	9.820979893	10.08720289	NA	6.85	5.03
2	0	3	16681	No	0	200	240	0	9.770339859	9.879270658	NA	6.85	5.03
2	0	4	16681	No	0	200	24	0	6.675671129	4.942805506	NA	6.85	5.03
2	0	4	16681	No	0	200	48	0	6.675671129	6.036375009	NA	6.85	5.03
2	0	4	16681	No	0	200	72	0	7.044218041	9.324784713	NA	6.85	5.03
2	0	4	16681	No	0	200	96	0	8.796925877	7.507303003	NA	6.85	5.03
2	0	4	16681	No	0	200	120	0	9.131712766	10.09490408	NA	6.85	5.03
2	0	4	16681	No	0	200	144	0	9.531206366	10.3143881	NA	6.85	5.03
2	0	4	16681	No	0	200	168	0	9.823793228	10.37599765	NA	6.85	5.03
2	0	4	16681	No	0	200	192	0	9.823793228	10.16036423	NA	6.85	5.03
2	0	4	16681	No	0	200	216	0	9.894126608	10.00634035	NA	6.85	5.03
2	0	4	16681	No	0	200	240	0	9.739393172	9.821511705	NA	6.85	5.03
2	0	5	16681	No	0	200	24	0	6.675671129	4.942805506	NA	6.85	5.03
2	0	5	16681	No	0	200	48	0	6.675671129	5.712924874	NA	6.85	5.03
2	0	5	16681	No	0	200	72	0	7.440898306	8.9743804	NA	6.85	5.03
2	0	5	16681	No	0	200	96	0	8.388992271	7.838454332	NA	6.85	5.03
2	0	5	16681	No	0	200	120	0	8.993859341	9.783005737	NA	6.85	5.03
2	0	5	16681	No	0	200	144	0	9.500259679	10.29513512	NA	6.85	5.03
2	0	5	16681	No	0	200	168	0	9.860366586	10.33364109	NA	6.85	5.03
2	0	5	16681	No	0	200	192	0	9.871619926	10.33364109	NA	6.85	5.03
2	0	5	16681	No	0	200	216	0	9.882873267	10.05639811	NA	6.85	5.03
2	0	5	16681	No	0	200	240	0	9.736579836	9.821511705	NA	6.85	5.03
2	1	0	16681	No	0.00000256	200	24	0	6.675671129	4.942805506	NA	6.85	5.03
2	1	0	16681	No	0.00000256	200	48	0	6.675671129	5.98631725	NA	6.85	5.03
2	1	0	16681	No	0.00000256	200	72	0	7.412764954	9.224669195	NA	6.85	5.03
2	1	0	16681	No	0.00000256	200	96	0	7.680031799	7.842304928	NA	6.85	5.03
2	1	0	16681	No	0.00000256	200	120	0	9.244246175	10.16036423	NA	6.85	5.03
2	1	0	16681	No	0.00000256	200	144	0	9.514326355	10.35674467	NA	6.85	5.03
2	1	0	16681	No	0.00000256	200	168	0	9.85192658	10.17191602	NA	6.85	5.03
2	1	0	16681	No	0.00000256	200	192	0	9.7815932	10.11030647	NA	6.85	5.03
2	1	0	16681	No	0.00000256	200	216	0	9.865993256	10.07950169	NA	6.85	5.03
2	1	0	16681	No	0.00000256	200	240	0	9.778779864	10.02559334	NA	6.85	5.03
2	1	1	16681	No	0.00000256	200	24	0	6.675671129	4.942805506	NA	6.85	5.03
2	1	1	16681	No	0.00000256	200	48	0	6.675671129	6.163444705	NA	6.85	5.03
2	1	1	16681	No	0.00000256	200	72	0	7.201764813	9.290129341	NA	6.85	5.03
2	1	1	16681	No	0.00000256	200	96	0	8.481832333	7.538107778	NA	6.85	5.03
2	1	1	16681	No	0.00000256	200	120	0	9.038872705	10.00634035	NA	6.85	5.03
2	1	1	16681	No	0.00000256	200	144	0	9.579033065	10.38369884	NA	6.85	5.03
2	1	1	16681	No	0.00000256	200	168	0	9.849113245	10.26433034	NA	6.85	5.03
2	1	1	16681	No	0.00000256	200	192	0	9.835046569	10.23737616	NA	6.85	5.03
2	1	1	16681	No	0.00000256	200	216	0	9.880059932	9.948581401	NA	6.85	5.03
2	1	1	16681	No	0.00000256	200	240	0	9.761899853	9.763752753	NA	6.85	5.03
2	1	2	16681	No	0.00000256	200	24	0	6.675671129	4.942805506	NA	6.85	5.03
2	1	2	16681	No	0.00000256	200	48	0	6.675671129	6.090283365	NA	6.85	5.03
2	1	2	16681	No	0.00000256	200	72	0	7.207391484	8.966679206	NA	6.85	5.03
2	1	2	16681	No	0.00000256	200	96	0	8.284898869	7.59586673	NA	6.85	5.03
2	1	2	16681	No	0.00000256	200	120	0	9.187979471	10.10260527	NA	6.85	5.03
2	1	2	16681	No	0.00000256	200	144	0	9.624046428	10.39525063	NA	6.85	5.03
2	1	2	16681	No	0.00000256	200	168	0	9.798473211	10.28358333	NA	6.85	5.03
2	1	2	16681	No	0.00000256	200	192	0	9.790033205	10.22967497	NA	6.85	5.03
2	1	2	16681	No	0.00000256	200	216	0	9.874433262	10.02559334	NA	6.85	5.03
2	1	2	16681	No	0.00000256	200	240	0	9.725326495	9.76760335	NA	6.85	5.03
2	1	3	16681	No	0.00000256	200	24	0	6.675671129	4.942805506	NA	6.85	5.03
2	1	3	16681	No	0.00000256	200	48	0	6.675671129	5.863098151	NA	6.85	5.03
2	1	3	16681	No	0.00000256	200	72	0	7.311484886	8.951276819	NA	6.85	5.03
2	1	3	16681	No	0.00000256	200	96	0	8.318658891	7.676729264	NA	6.85	5.03
2	1	3	16681	No	0.00000256	200	120	0	9.190792806	10.03714513	NA	6.85	5.03
2	1	3	16681	No	0.00000256	200	144	0	9.472126327	10.30668691	NA	6.85	5.03
2	1	3	16681	No	0.00000256	200	168	0	9.79284654	10.37984825	NA	6.85	5.03
2	1	3	16681	No	0.00000256	200	192	0	9.846299909	10.15266303	NA	6.85	5.03
2	1	3	16681	No	0.00000256	200	216	0	9.837859904	10.01019095	NA	6.85	5.03
2	1	3	16681	No	0.00000256	200	240	0	9.711259819	9.883121255	NA	6.85	5.03
2	2	0	16681	No	0.0000128	200	24	0	6.675671129	4.942805506	NA	6.85	5.03
2	2	0	16681	No	0.0000128	200	48	0	6.675671129	5.963213669	NA	6.85	5.03
2	2	0	16681	No	0.0000128	200	72	0	7.615325089	8.912770851	NA	6.85	5.03
2	2	0	16681	No	0.0000128	200	96	0	8.279272198	7.799948363	NA	6.85	5.03
2	2	0	16681	No	0.0000128	200	120	0	8.968539324	9.825362302	NA	6.85	5.03
2	2	0	16681	No	0.0000128	200	144	0	9.424299628	10.32208929	NA	6.85	5.03
2	2	0	16681	No	0.0000128	200	168	0	9.7815932	10.32979049	NA	6.85	5.03
2	2	0	16681	No	0.0000128	200	192	0	9.85192658	10.16036423	NA	6.85	5.03
2	2	0	16681	No	0.0000128	200	216	0	9.854739915	9.994788563	NA	6.85	5.03
2	2	0	16681	No	0.0000128	200	240	0	9.745019842	9.902374239	NA	6.85	5.03
2	2	1	16681	No	0.0000128	200	24	0	6.675671129	4.942805506	NA	6.85	5.03
2	2	1	16681	No	0.0000128	200	48	0	6.675671129	5.616659953	NA	6.85	5.03
2	2	1	16681	No	0.0000128	200	72	0	7.238338171	8.781850558	NA	6.85	5.03
2	2	1	16681	No	0.0000128	200	96	0	8.223005494	7.457245244	NA	6.85	5.03
2	2	1	16681	No	0.0000128	200	120	0	9.005112682	9.894673045	NA	6.85	5.03
2	2	1	16681	No	0.0000128	200	144	0	9.539646372	10.34134228	NA	6.85	5.03
2	2	1	16681	No	0.0000128	200	168	0	9.829419898	10.32208929	NA	6.85	5.03
2	2	1	16681	No	0.0000128	200	192	0	9.835046569	10.11415707	NA	6.85	5.03
2	2	1	16681	No	0.0000128	200	216	0	9.894126608	10.02944393	NA	6.85	5.03
2	2	1	16681	No	0.0000128	200	240	0	9.795659876	9.871569464	NA	6.85	5.03
2	2	2	16681	No	0.0000128	200	24	0	6.675671129	4.942805506	NA	6.85	5.03
2	2	2	16681	No	0.0000128	200	48	0	6.675671129	5.578153985	NA	6.85	5.03
2	2	2	16681	No	0.0000128	200	72	0	7.168004791	8.881966076	NA	6.85	5.03
2	2	2	16681	No	0.0000128	200	96	0	8.293338874	7.565061956	NA	6.85	5.03
2	2	2	16681	No	0.0000128	200	120	0	8.856005916	9.702143203	NA	6.85	5.03
2	2	2	16681	No	0.0000128	200	144	0	9.415859623	10.25662915	NA	6.85	5.03
2	2	2	16681	No	0.0000128	200	168	0	9.72251316	10.27203154	NA	6.85	5.03
2	2	2	16681	No	0.0000128	200	192	0	9.860366586	10.41450362	NA	6.85	5.03
2	2	2	16681	No	0.0000128	200	216	0	9.85192658	10.14111124	NA	6.85	5.03
2	2	2	16681	No	0.0000128	200	240	0	9.694379808	9.844615286	NA	6.85	5.03
2	2	3	16681	No	0.0000128	200	24	0	6.675671129	4.942805506	NA	6.85	5.03
2	2	3	16681	No	0.0000128	200	48	0	6.675671129	6.167295302	NA	6.85	5.03
2	2	3	16681	No	0.0000128	200	72	0	7.263658188	9.062944127	NA	6.85	5.03
2	2	3	16681	No	0.0000128	200	96	0	8.419938959	7.418739276	NA	6.85	5.03
2	2	3	16681	No	0.0000128	200	120	0	9.036059369	9.92547782	NA	6.85	5.03
2	2	3	16681	No	0.0000128	200	144	0	9.51713969	10.27973273	NA	6.85	5.03
2	2	3	16681	No	0.0000128	200	168	0	9.85192658	10.30283631	NA	6.85	5.03
2	2	3	16681	No	0.0000128	200	192	0	9.700006479	10.16036423	NA	6.85	5.03
2	2	3	16681	No	0.0000128	200	216	0	9.863179921	10.00634035	NA	6.85	5.03
2	2	3	16681	No	0.0000128	200	240	0	9.728139831	9.886971852	NA	6.85	5.03
2	3	0	16681	No	0.000064	200	24	0	6.675671129	4.942805506	NA	6.85	5.03
2	3	0	16681	No	0.000064	200	48	0	6.675671129	5.555050404	NA	6.85	5.03
2	3	0	16681	No	0.000064	200	72	0	6.675671129	7.018277204	NA	6.85	5.03
2	3	0	16681	No	0.000064	200	96	0	7.02171136	6.452239468	NA	6.85	5.03
2	3	0	16681	No	0.000064	200	120	0	7.910725286	8.292824759	NA	6.85	5.03
2	3	0	16681	No	0.000064	200	144	0	7.694098475	8.477653407	NA	6.85	5.03
2	3	0	16681	No	0.000064	200	168	0	9.300512879	10.00248976	NA	6.85	5.03
2	3	0	16681	No	0.000064	200	192	0	9.576219729	10.34904347	NA	6.85	5.03
2	3	0	16681	No	0.000064	200	216	0	9.618419758	10.37984825	NA	6.85	5.03
2	3	0	16681	No	0.000064	200	240	0	9.7815932	10.34904347	NA	6.85	5.03
2	3	1	16681	No	0.000064	200	24	0	6.675671129	4.942805506	NA	6.85	5.03
2	3	1	16681	No	0.000064	200	48	0	6.675671129	4.942805506	NA	6.85	5.03
2	3	1	16681	No	0.000064	200	72	0	6.675671129	6.613964536	NA	6.85	5.03
2	3	1	16681	No	0.000064	200	96	0	6.675671129	6.421434693	NA	6.85	5.03
2	3	1	16681	No	0.000064	200	120	0	8.000752012	8.658631459	NA	6.85	5.03
2	3	1	16681	No	0.000064	200	144	0	8.217378824	8.812655333	NA	6.85	5.03
2	3	1	16681	No	0.000064	200	168	0	8.957285983	9.944730804	NA	6.85	5.03
2	3	1	16681	No	0.000064	200	192	0	9.415859623	10.3143881	NA	6.85	5.03
2	3	1	16681	No	0.000064	200	216	0	9.702819814	10.28743392	NA	6.85	5.03
2	3	1	16681	No	0.000064	200	240	0	9.742206507	10.3143881	NA	6.85	5.03
2	3	2	16681	No	0.000064	200	24	0	6.675671129	4.942805506	NA	6.85	5.03
2	3	2	16681	No	0.000064	200	48	0	6.675671129	4.942805506	NA	6.85	5.03
2	3	2	16681	No	0.000064	200	72	0	6.675671129	7.676729264	NA	6.85	5.03
2	3	2	16681	No	0.000064	200	96	0	7.454964982	5.855396958	NA	6.85	5.03
2	3	2	16681	No	0.000064	200	120	0	8.121725426	8.704838621	NA	6.85	5.03
2	3	2	16681	No	0.000064	200	144	0	8.012005353	8.566217135	NA	6.85	5.03
2	3	2	16681	No	0.000064	200	168	0	8.901019279	9.617430073	NA	6.85	5.03
2	3	2	16681	No	0.000064	200	192	0	9.550899713	10.34519288	NA	6.85	5.03
2	3	2	16681	No	0.000064	200	216	0	9.691566473	10.39910123	NA	6.85	5.03
2	3	2	16681	No	0.000064	200	240	0	9.65217978	10.3105375	NA	6.85	5.03
2	3	3	16681	No	0.000064	200	24	0	6.675671129	4.942805506	NA	6.85	5.03
2	3	3	16681	No	0.000064	200	48	0	6.675671129	4.942805506	NA	6.85	5.03
2	3	3	16681	No	0.000064	200	72	0	6.675671129	7.056783172	NA	6.85	5.03
2	3	3	16681	No	0.000064	200	96	0	7.125804762	6.309767385	NA	6.85	5.03
2	3	3	16681	No	0.000064	200	120	0	7.730671832	8.323629534	NA	6.85	5.03
2	3	3	16681	No	0.000064	200	144	0	7.89665861	8.181157451	NA	6.85	5.03
2	3	3	16681	No	0.000064	200	168	0	9.213299487	10.06024871	NA	6.85	5.03
2	3	3	16681	No	0.000064	200	192	0	9.640926439	10.40295183	NA	6.85	5.03
2	3	3	16681	No	0.000064	200	216	0	9.759086518	10.28743392	NA	6.85	5.03
2	3	3	16681	No	0.000064	200	240	0	9.65217978	10.46841197	NA	6.85	5.03
2	4	0	16681	No	0.00032	200	24	0	6.675671129	4.942805506	NA	6.85	5.03
2	4	0	16681	No	0.00032	200	48	0	6.675671129	4.942805506	NA	6.85	5.03
2	4	0	16681	No	0.00032	200	72	0	6.675671129	4.942805506	NA	6.85	5.03
2	4	0	16681	No	0.00032	200	96	0	6.675671129	4.942805506	NA	6.85	5.03
2	4	0	16681	No	0.00032	200	120	0	6.675671129	4.942805506	NA	6.85	5.03
2	4	0	16681	No	0.00032	200	144	0	6.675671129	4.942805506	NA	6.85	5.03
2	4	0	16681	No	0.00032	200	168	0	6.675671129	4.942805506	NA	6.85	5.03
2	4	0	16681	No	0.00032	200	192	0	6.675671129	4.942805506	NA	6.85	5.03
2	4	0	16681	No	0.00032	200	216	0	6.675671129	4.942805506	NA	6.85	5.03
2	4	0	16681	No	0.00032	200	240	0	6.675671129	4.942805506	NA	6.85	5.03
2	4	1	16681	No	0.00032	200	24	0	6.675671129	4.942805506	NA	6.85	5.03
2	4	1	16681	No	0.00032	200	48	0	6.675671129	4.942805506	NA	6.85	5.03
2	4	1	16681	No	0.00032	200	72	0	6.675671129	4.942805506	NA	6.85	5.03
2	4	1	16681	No	0.00032	200	96	0	6.675671129	4.942805506	NA	6.85	5.03
2	4	1	16681	No	0.00032	200	120	0	6.675671129	4.942805506	NA	6.85	5.03
2	4	1	16681	No	0.00032	200	144	0	6.675671129	4.942805506	NA	6.85	5.03
2	4	1	16681	No	0.00032	200	168	0	6.675671129	4.942805506	NA	6.85	5.03
2	4	1	16681	No	0.00032	200	192	0	6.675671129	4.942805506	NA	6.85	5.03
2	4	1	16681	No	0.00032	200	216	0	6.675671129	4.942805506	NA	6.85	5.03
2	4	1	16681	No	0.00032	200	240	0	6.675671129	4.942805506	NA	6.85	5.03
2	4	2	16681	No	0.00032	200	24	0	6.675671129	4.942805506	NA	6.85	5.03
2	4	2	16681	No	0.00032	200	48	0	6.675671129	4.942805506	NA	6.85	5.03
2	4	2	16681	No	0.00032	200	72	0	6.675671129	4.942805506	NA	6.85	5.03
2	4	2	16681	No	0.00032	200	96	0	6.675671129	4.942805506	NA	6.85	5.03
2	4	2	16681	No	0.00032	200	120	0	6.675671129	4.942805506	NA	6.85	5.03
2	4	2	16681	No	0.00032	200	144	0	6.675671129	4.942805506	NA	6.85	5.03
2	4	2	16681	No	0.00032	200	168	0	6.675671129	4.942805506	NA	6.85	5.03
2	4	2	16681	No	0.00032	200	192	0	6.675671129	4.942805506	NA	6.85	5.03
2	4	2	16681	No	0.00032	200	216	0	6.675671129	4.942805506	NA	6.85	5.03
2	4	2	16681	No	0.00032	200	240	0	6.675671129	4.942805506	NA	6.85	5.03
2	4	3	16681	No	0.00032	200	24	0	6.675671129	4.942805506	NA	6.85	5.03
2	4	3	16681	No	0.00032	200	48	0	6.675671129	4.942805506	NA	6.85	5.03
2	4	3	16681	No	0.00032	200	72	0	6.675671129	4.942805506	NA	6.85	5.03
2	4	3	16681	No	0.00032	200	96	0	6.675671129	4.942805506	NA	6.85	5.03
2	4	3	16681	No	0.00032	200	120	0	6.675671129	4.942805506	NA	6.85	5.03
2	4	3	16681	No	0.00032	200	144	0	6.675671129	4.942805506	NA	6.85	5.03
2	4	3	16681	No	0.00032	200	168	0	6.675671129	4.942805506	NA	6.85	5.03
2	4	3	16681	No	0.00032	200	192	0	6.675671129	4.942805506	NA	6.85	5.03
2	4	3	16681	No	0.00032	200	216	0	6.675671129	4.942805506	NA	6.85	5.03
2	4	3	16681	No	0.00032	200	240	0	6.675671129	4.942805506	NA	6.85	5.03
2	5	0	16681	No	0.0016	200	24	0	6.675671129	5.54734921	NA	6.85	5.03
2	5	0	16681	No	0.0016	200	48	0	6.88667127	4.942805506	NA	6.85	5.03
2	5	0	16681	No	0.0016	200	72	0	6.942937974	4.942805506	NA	6.85	5.03
2	5	0	16681	No	0.0016	200	96	0	6.675671129	4.942805506	NA	6.85	5.03
2	5	0	16681	No	0.0016	200	120	0	6.675671129	4.942805506	NA	6.85	5.03
2	5	0	16681	No	0.0016	200	144	0	6.675671129	4.942805506	NA	6.85	5.03
2	5	0	16681	No	0.0016	200	168	0	6.675671129	4.942805506	NA	6.85	5.03
2	5	0	16681	No	0.0016	200	192	0	6.675671129	4.942805506	NA	6.85	5.03
2	5	0	16681	No	0.0016	200	216	0	6.675671129	4.942805506	NA	6.85	5.03
2	5	0	16681	No	0.0016	200	240	0	6.675671129	4.942805506	NA	6.85	5.03
2	5	1	16681	No	0.0016	200	24	0	6.675671129	4.942805506	NA	6.85	5.03
2	5	1	16681	No	0.0016	200	48	0	6.675671129	4.942805506	NA	6.85	5.03
2	5	1	16681	No	0.0016	200	72	0	6.675671129	4.942805506	NA	6.85	5.03
2	5	1	16681	No	0.0016	200	96	0	6.675671129	4.942805506	NA	6.85	5.03
2	5	1	16681	No	0.0016	200	120	0	6.675671129	4.942805506	NA	6.85	5.03
2	5	1	16681	No	0.0016	200	144	0	6.675671129	4.942805506	NA	6.85	5.03
2	5	1	16681	No	0.0016	200	168	0	6.675671129	4.942805506	NA	6.85	5.03
2	5	1	16681	No	0.0016	200	192	0	6.675671129	4.942805506	NA	6.85	5.03
2	5	1	16681	No	0.0016	200	216	0	6.675671129	4.942805506	NA	6.85	5.03
2	5	1	16681	No	0.0016	200	240	0	8.836312569	9.274726954	NA	6.85	5.03
2	5	2	16681	No	0.0016	200	24	0	6.675671129	4.942805506	NA	6.85	5.03
2	5	2	16681	No	0.0016	200	48	0	6.675671129	4.942805506	NA	6.85	5.03
2	5	2	16681	No	0.0016	200	72	0	6.675671129	4.942805506	NA	6.85	5.03
2	5	2	16681	No	0.0016	200	96	0	6.675671129	4.942805506	NA	6.85	5.03
2	5	2	16681	No	0.0016	200	120	0	6.675671129	4.942805506	NA	6.85	5.03
2	5	2	16681	No	0.0016	200	144	0	6.675671129	4.942805506	NA	6.85	5.03
2	5	2	16681	No	0.0016	200	168	0	6.675671129	4.942805506	NA	6.85	5.03
2	5	2	16681	No	0.0016	200	192	0	6.675671129	4.942805506	NA	6.85	5.03
2	5	2	16681	No	0.0016	200	216	0	6.675671129	4.942805506	NA	6.85	5.03
2	5	2	16681	No	0.0016	200	240	0	6.675671129	5.504992645	NA	6.85	5.03
2	5	3	16681	No	0.0016	200	24	0	6.675671129	4.942805506	NA	6.85	5.03
2	5	3	16681	No	0.0016	200	48	0	6.675671129	4.942805506	NA	6.85	5.03
2	5	3	16681	No	0.0016	200	72	0	6.675671129	4.942805506	NA	6.85	5.03
2	5	3	16681	No	0.0016	200	96	0	6.675671129	4.942805506	NA	6.85	5.03
2	5	3	16681	No	0.0016	200	120	0	6.675671129	4.942805506	NA	6.85	5.03
2	5	3	16681	No	0.0016	200	144	0	6.675671129	4.942805506	NA	6.85	5.03
2	5	3	16681	No	0.0016	200	168	0	6.675671129	4.942805506	NA	6.85	5.03
2	5	3	16681	No	0.0016	200	192	0	6.675671129	4.942805506	NA	6.85	5.03
2	5	3	16681	No	0.0016	200	216	0	6.675671129	4.942805506	NA	6.85	5.03
2	5	3	16681	No	0.0016	200	240	0	6.675671129	5.497291451	NA	6.85	5.03
2	6	0	16681	No	0.008	200	24	0	6.675671129	4.942805506	NA	6.85	5.03
2	6	0	16681	No	0.008	200	48	0	6.675671129	4.942805506	NA	6.85	5.03
2	6	0	16681	No	0.008	200	72	0	6.675671129	4.942805506	NA	6.85	5.03
2	6	0	16681	No	0.008	200	96	0	6.675671129	4.942805506	NA	6.85	5.03
2	6	0	16681	No	0.008	200	120	0	6.675671129	4.942805506	NA	6.85	5.03
2	6	0	16681	No	0.008	200	144	0	6.675671129	4.942805506	NA	6.85	5.03
2	6	0	16681	No	0.008	200	168	0	6.675671129	4.942805506	NA	6.85	5.03
2	6	0	16681	No	0.008	200	192	0	6.675671129	4.942805506	NA	6.85	5.03
2	6	0	16681	No	0.008	200	216	0	6.675671129	4.942805506	NA	6.85	5.03
2	6	0	16681	No	0.008	200	240	0	6.675671129	4.942805506	NA	6.85	5.03
2	6	1	16681	No	0.008	200	24	0	6.675671129	4.942805506	NA	6.85	5.03
2	6	1	16681	No	0.008	200	48	0	6.675671129	4.942805506	NA	6.85	5.03
2	6	1	16681	No	0.008	200	72	0	6.675671129	4.942805506	NA	6.85	5.03
2	6	1	16681	No	0.008	200	96	0	6.675671129	4.942805506	NA	6.85	5.03
2	6	1	16681	No	0.008	200	120	0	6.675671129	4.942805506	NA	6.85	5.03
2	6	1	16681	No	0.008	200	144	0	6.675671129	4.942805506	NA	6.85	5.03
2	6	1	16681	No	0.008	200	168	0	7.09767141	4.942805506	NA	6.85	5.03
2	6	1	16681	No	0.008	200	192	0	6.675671129	4.942805506	NA	6.85	5.03
2	6	1	16681	No	0.008	200	216	0	6.675671129	4.942805506	NA	6.85	5.03
2	6	1	16681	No	0.008	200	240	0	6.675671129	5.154588332	NA	6.85	5.03
2	6	2	16681	No	0.008	200	24	0	6.675671129	4.942805506	NA	6.85	5.03
2	6	2	16681	No	0.008	200	48	0	6.675671129	4.942805506	NA	6.85	5.03
2	6	2	16681	No	0.008	200	72	0	6.675671129	4.942805506	NA	6.85	5.03
2	6	2	16681	No	0.008	200	96	0	6.675671129	4.942805506	NA	6.85	5.03
2	6	2	16681	No	0.008	200	120	0	6.675671129	4.942805506	NA	6.85	5.03
2	6	2	16681	No	0.008	200	144	0	6.675671129	4.942805506	NA	6.85	5.03
2	6	2	16681	No	0.008	200	168	0	6.675671129	4.942805506	NA	6.85	5.03
2	6	2	16681	No	0.008	200	192	0	6.911991287	4.942805506	NA	6.85	5.03
2	6	2	16681	No	0.008	200	216	0	6.675671129	4.942805506	NA	6.85	5.03
2	6	2	16681	No	0.008	200	240	0	6.675671129	4.942805506	NA	6.85	5.03
2	6	3	16681	No	0.008	200	24	0	6.675671129	4.942805506	NA	6.85	5.03
2	6	3	16681	No	0.008	200	48	0	6.836031236	4.942805506	NA	6.85	5.03
2	6	3	16681	No	0.008	200	72	0	6.675671129	4.942805506	NA	6.85	5.03
2	6	3	16681	No	0.008	200	96	0	6.675671129	4.942805506	NA	6.85	5.03
2	6	3	16681	No	0.008	200	120	0	6.675671129	4.942805506	NA	6.85	5.03
2	6	3	16681	No	0.008	200	144	0	6.675671129	4.942805506	NA	6.85	5.03
2	6	3	16681	No	0.008	200	168	0	6.675671129	4.942805506	NA	6.85	5.03
2	6	3	16681	No	0.008	200	192	0	6.675671129	4.942805506	NA	6.85	5.03
2	6	3	16681	No	0.008	200	216	0	6.675671129	4.942805506	NA	6.85	5.03
2	6	3	16681	No	0.008	200	240	0	6.675671129	4.942805506	NA	6.85	5.03
3	0	0	16681	Yes	0	200	24	0	6.675671129	4.942805506	NA	6.85	5.03
3	0	0	16681	Yes	0	200	48	0	6.675671129	6.005570234	NA	6.85	5.03
3	0	0	16681	Yes	0	200	72	0	7.125804762	9.089898305	NA	6.85	5.03
3	0	0	16681	Yes	0	200	96	0	8.50715235	7.380233307	NA	6.85	5.03
3	0	0	16681	Yes	0	200	120	0	8.97697933	9.963983789	NA	6.85	5.03
3	0	0	16681	Yes	0	200	144	0	9.829419898	10.40680243	NA	6.85	5.03
3	0	0	16681	Yes	0	200	168	0	9.770339859	10.47611317	NA	6.85	5.03
3	0	0	16681	Yes	0	200	192	0	9.711259819	10.29513512	NA	6.85	5.03
3	0	0	16681	Yes	0	200	216	0	NA	NA	NA	6.85	5.03
3	0	0	16681	Yes	0	200	240	0	9.871619926	9.975535579	NA	6.85	5.03
3	0	1	16681	Yes	0	200	24	0	6.675671129	4.942805506	NA	6.85	5.03
3	0	1	16681	Yes	0	200	48	0	6.675671129	6.502297227	NA	6.85	5.03
3	0	1	16681	Yes	0	200	72	0	7.317111557	9.12070308	NA	6.85	5.03
3	0	1	16681	Yes	0	200	96	0	8.44244564	7.692131652	NA	6.85	5.03
3	0	1	16681	Yes	0	200	120	0	9.199232811	10.11030647	NA	6.85	5.03
3	0	1	16681	Yes	0	200	144	0	9.494633008	10.47226257	NA	6.85	5.03
3	0	1	16681	Yes	0	200	168	0	9.85192658	10.46841197	NA	6.85	5.03
3	0	1	16681	Yes	0	200	192	0	9.730953166	10.35289407	NA	6.85	5.03
3	0	1	16681	Yes	0	200	216	0	9.725326495	10.07950169	NA	6.85	5.03
3	0	1	16681	Yes	0	200	240	0	9.649366445	9.879270658	NA	6.85	5.03
3	0	2	16681	Yes	0	200	24	0	6.675671129	4.942805506	NA	6.85	5.03
3	0	2	16681	Yes	0	200	48	0	6.675671129	6.198100077	NA	6.85	5.03
3	0	2	16681	Yes	0	200	72	0	7.333991568	9.128404274	NA	6.85	5.03
3	0	2	16681	Yes	0	200	96	0	8.422752294	7.726787023	NA	6.85	5.03
3	0	2	16681	Yes	0	200	120	0	9.162659454	10.14881244	NA	6.85	5.03
3	0	2	16681	Yes	0	200	144	0	9.570593059	10.49151556	NA	6.85	5.03
3	0	2	16681	Yes	0	200	168	0	9.835046569	10.47996377	NA	6.85	5.03
3	0	2	16681	Yes	0	200	192	0	9.775966529	10.29128452	NA	6.85	5.03
3	0	2	16681	Yes	0	200	216	0	9.860366586	10.03329453	NA	6.85	5.03
3	0	2	16681	Yes	0	200	240	0	9.7815932	10.00634035	NA	6.85	5.03
3	0	3	16681	Yes	0	200	24	0	6.675671129	4.942805506	NA	6.85	5.03
3	0	3	16681	Yes	0	200	48	0	6.675671129	5.967064266	NA	6.85	5.03
3	0	3	16681	Yes	0	200	72	0	7.013271354	9.128404274	NA	6.85	5.03
3	0	3	16681	Yes	0	200	96	0	8.428378964	7.384083904	NA	6.85	5.03
3	0	3	16681	Yes	0	200	120	0	9.168286124	10.0756511	NA	6.85	5.03
3	0	3	16681	Yes	0	200	144	0	9.469312991	10.37984825	NA	6.85	5.03
3	0	3	16681	Yes	0	200	168	0	9.790033205	10.42605541	NA	6.85	5.03
3	0	3	16681	Yes	0	200	192	0	9.685939803	10.27203154	NA	6.85	5.03
3	0	3	16681	Yes	0	200	216	0	9.877246597	10.05254752	NA	6.85	5.03
3	0	3	16681	Yes	0	200	240	0	9.640926439	9.971684982	NA	6.85	5.03
3	0	4	16681	Yes	0	200	24	0	6.675671129	4.942805506	NA	6.85	5.03
3	0	4	16681	Yes	0	200	48	0	6.675671129	6.036375009	NA	6.85	5.03
3	0	4	16681	Yes	0	200	72	0	7.044218041	9.324784713	NA	6.85	5.03
3	0	4	16681	Yes	0	200	96	0	8.796925877	7.507303003	NA	6.85	5.03
3	0	4	16681	Yes	0	200	120	0	9.235806169	10.20657139	NA	6.85	5.03
3	0	4	16681	Yes	0	200	144	0	9.539646372	10.41450362	NA	6.85	5.03
3	0	4	16681	Yes	0	200	168	0	9.843486574	10.47996377	NA	6.85	5.03
3	0	4	16681	Yes	0	200	192	0	9.64655311	10.24892795	NA	6.85	5.03
3	0	4	16681	Yes	0	200	216	0	9.795659876	10.06024871	NA	6.85	5.03
3	0	4	16681	Yes	0	200	240	0	9.725326495	10.02174274	NA	6.85	5.03
3	0	5	16681	Yes	0	200	24	0	6.675671129	4.942805506	NA	6.85	5.03
3	0	5	16681	Yes	0	200	48	0	6.675671129	5.712924874	NA	6.85	5.03
3	0	5	16681	Yes	0	200	72	0	7.440898306	8.9743804	NA	6.85	5.03
3	0	5	16681	Yes	0	200	96	0	8.388992271	7.838454332	NA	6.85	5.03
3	0	5	16681	Yes	0	200	120	0	9.272379527	10.20272079	NA	6.85	5.03
3	0	5	16681	Yes	0	200	144	0	9.483379668	10.46071078	NA	6.85	5.03
3	0	5	16681	Yes	0	200	168	0	9.818166557	10.47611317	NA	6.85	5.03
3	0	5	16681	Yes	0	200	192	0	9.759086518	10.24122676	NA	6.85	5.03
3	0	5	16681	Yes	0	200	216	0	9.759086518	10.05254752	NA	6.85	5.03
3	0	5	16681	Yes	0	200	240	0	9.745019842	10.05254752	NA	6.85	5.03
3	1	0	16681	Yes	0.00000256	200	24	0	6.675671129	4.942805506	NA	6.85	5.03
3	1	0	16681	Yes	0.00000256	200	48	0	6.675671129	5.98631725	NA	6.85	5.03
3	1	0	16681	Yes	0.00000256	200	72	0	7.412764954	9.224669195	NA	6.85	5.03
3	1	0	16681	Yes	0.00000256	200	96	0	7.680031799	7.842304928	NA	6.85	5.03
3	1	0	16681	Yes	0.00000256	200	120	0	9.086699403	10.12185826	NA	6.85	5.03
3	1	0	16681	Yes	0.00000256	200	144	0	9.427112963	10.33364109	NA	6.85	5.03
3	1	0	16681	Yes	0.00000256	200	168	0	9.683126467	10.41065302	NA	6.85	5.03
3	1	0	16681	Yes	0.00000256	200	192	0	9.730953166	10.22197378	NA	6.85	5.03
3	1	0	16681	Yes	0.00000256	200	216	0	9.868806591	10.02174274	NA	6.85	5.03
3	1	0	16681	Yes	0.00000256	200	240	0	NA	NA	NA	6.85	5.03
3	1	1	16681	Yes	0.00000256	200	24	0	6.675671129	4.942805506	NA	6.85	5.03
3	1	1	16681	Yes	0.00000256	200	48	0	6.675671129	6.163444705	NA	6.85	5.03
3	1	1	16681	Yes	0.00000256	200	72	0	7.201764813	9.290129341	NA	6.85	5.03
3	1	1	16681	Yes	0.00000256	200	96	0	8.481832333	7.538107778	NA	6.85	5.03
3	1	1	16681	Yes	0.00000256	200	120	0	9.050126045	10.03714513	NA	6.85	5.03
3	1	1	16681	Yes	0.00000256	200	144	0	9.469312991	10.4337566	NA	6.85	5.03
3	1	1	16681	Yes	0.00000256	200	168	0	9.761899853	10.34134228	NA	6.85	5.03
3	1	1	16681	Yes	0.00000256	200	192	0	9.761899853	10.26433034	NA	6.85	5.03
3	1	1	16681	Yes	0.00000256	200	216	0	9.78721987	10.11800766	NA	6.85	5.03
3	1	1	16681	Yes	0.00000256	200	240	0	NA	NA	NA	6.85	5.03
3	1	2	16681	Yes	0.00000256	200	24	0	6.675671129	4.942805506	NA	6.85	5.03
3	1	2	16681	Yes	0.00000256	200	48	0	6.675671129	6.090283365	NA	6.85	5.03
3	1	2	16681	Yes	0.00000256	200	72	0	7.207391484	8.966679206	NA	6.85	5.03
3	1	2	16681	Yes	0.00000256	200	96	0	8.284898869	7.59586673	NA	6.85	5.03
3	1	2	16681	Yes	0.00000256	200	120	0	8.993859341	9.98708737	NA	6.85	5.03
3	1	2	16681	Yes	0.00000256	200	144	0	9.331459566	10.37214705	NA	6.85	5.03
3	1	2	16681	Yes	0.00000256	200	168	0	9.820979893	10.4337566	NA	6.85	5.03
3	1	2	16681	Yes	0.00000256	200	192	0	9.725326495	10.24892795	NA	6.85	5.03
3	1	2	16681	Yes	0.00000256	200	216	0	9.798473211	10.00248976	NA	6.85	5.03
3	1	2	16681	Yes	0.00000256	200	240	0	9.773153194	9.960133192	NA	6.85	5.03
3	1	3	16681	Yes	0.00000256	200	24	0	6.675671129	4.942805506	NA	6.85	5.03
3	1	3	16681	Yes	0.00000256	200	48	0	6.675671129	5.863098151	NA	6.85	5.03
3	1	3	16681	Yes	0.00000256	200	72	0	7.311484886	8.951276819	NA	6.85	5.03
3	1	3	16681	Yes	0.00000256	200	96	0	8.318658891	7.676729264	NA	6.85	5.03
3	1	3	16681	Yes	0.00000256	200	120	0	8.448072311	10.12185826	NA	6.85	5.03
3	1	3	16681	Yes	0.00000256	200	144	0	9.342712907	10.35289407	NA	6.85	5.03
3	1	3	16681	Yes	0.00000256	200	168	0	9.618419758	10.45300959	NA	6.85	5.03
3	1	3	16681	Yes	0.00000256	200	192	0	9.745019842	10.3182387	NA	6.85	5.03
3	1	3	16681	Yes	0.00000256	200	216	0	9.730953166	10.01019095	NA	6.85	5.03
3	1	3	16681	Yes	0.00000256	200	240	0	9.730953166	9.971684982	NA	6.85	5.03
3	2	0	16681	Yes	0.0000128	200	24	0	6.675671129	4.942805506	NA	6.85	5.03
3	2	0	16681	Yes	0.0000128	200	48	0	6.675671129	5.963213669	NA	6.85	5.03
3	2	0	16681	Yes	0.0000128	200	72	0	7.615325089	8.912770851	NA	6.85	5.03
3	2	0	16681	Yes	0.0000128	200	96	0	8.279272198	7.799948363	NA	6.85	5.03
3	2	0	16681	Yes	0.0000128	200	120	0	9.151406113	10.14496184	NA	6.85	5.03
3	2	0	16681	Yes	0.0000128	200	144	0	9.508699684	10.44915899	NA	6.85	5.03
3	2	0	16681	Yes	0.0000128	200	168	0	9.700006479	10.40680243	NA	6.85	5.03
3	2	0	16681	Yes	0.0000128	200	192	0	9.626859763	10.24122676	NA	6.85	5.03
3	2	0	16681	Yes	0.0000128	200	216	0	NA	NA	NA	6.85	5.03
3	2	0	16681	Yes	0.0000128	200	240	0	NA	NA	NA	6.85	5.03
3	2	1	16681	Yes	0.0000128	200	24	0	6.675671129	4.942805506	NA	6.85	5.03
3	2	1	16681	Yes	0.0000128	200	48	0	6.675671129	5.616659953	NA	6.85	5.03
3	2	1	16681	Yes	0.0000128	200	72	0	7.238338171	8.781850558	NA	6.85	5.03
3	2	1	16681	Yes	0.0000128	200	96	0	8.223005494	7.457245244	NA	6.85	5.03
3	2	1	16681	Yes	0.0000128	200	120	0	9.033246034	10.05639811	NA	6.85	5.03
3	2	1	16681	Yes	0.0000128	200	144	0	9.370846259	10.4337566	NA	6.85	5.03
3	2	1	16681	Yes	0.0000128	200	168	0	9.826606563	10.38754944	NA	6.85	5.03
3	2	1	16681	Yes	0.0000128	200	192	0	9.705633149	10.49151556	NA	6.85	5.03
3	2	1	16681	Yes	0.0000128	200	216	0	9.790033205	10.04869692	NA	6.85	5.03
3	2	1	16681	Yes	0.0000128	200	240	0	9.770339859	10.06024871	NA	6.85	5.03
3	2	2	16681	Yes	0.0000128	200	24	0	6.675671129	4.942805506	NA	6.85	5.03
3	2	2	16681	Yes	0.0000128	200	48	0	6.675671129	5.578153985	NA	6.85	5.03
3	2	2	16681	Yes	0.0000128	200	72	0	7.168004791	8.881966076	NA	6.85	5.03
3	2	2	16681	Yes	0.0000128	200	96	0	8.293338874	7.565061956	NA	6.85	5.03
3	2	2	16681	Yes	0.0000128	200	120	0	9.151406113	10.04484632	NA	6.85	5.03
3	2	2	16681	Yes	0.0000128	200	144	0	9.255499516	10.26433034	NA	6.85	5.03
3	2	2	16681	Yes	0.0000128	200	168	0	9.725326495	10.46071078	NA	6.85	5.03
3	2	2	16681	Yes	0.0000128	200	192	0	9.711259819	10.24122676	NA	6.85	5.03
3	2	2	16681	Yes	0.0000128	200	216	0	9.85192658	9.99863916	NA	6.85	5.03
3	2	2	16681	Yes	0.0000128	200	240	0	9.685939803	9.990937966	NA	6.85	5.03
3	2	3	16681	Yes	0.0000128	200	24	0	6.675671129	4.942805506	NA	6.85	5.03
3	2	3	16681	Yes	0.0000128	200	48	0	6.675671129	6.167295302	NA	6.85	5.03
3	2	3	16681	Yes	0.0000128	200	72	0	7.263658188	9.062944127	NA	6.85	5.03
3	2	3	16681	Yes	0.0000128	200	96	0	8.419938959	7.418739276	NA	6.85	5.03
3	2	3	16681	Yes	0.0000128	200	120	0	8.97135266	9.883121255	NA	6.85	5.03
3	2	3	16681	Yes	0.0000128	200	144	0	9.314579555	10.29898571	NA	6.85	5.03
3	2	3	16681	Yes	0.0000128	200	168	0	9.691566473	10.4337566	NA	6.85	5.03
3	2	3	16681	Yes	0.0000128	200	192	0	9.584659735	10.27973273	NA	6.85	5.03
3	2	3	16681	Yes	0.0000128	200	216	0	9.790033205	10.06024871	NA	6.85	5.03
3	2	3	16681	Yes	0.0000128	200	240	0	9.618419758	9.956282595	NA	6.85	5.03
3	3	0	16681	Yes	0.000064	200	24	0	6.675671129	4.942805506	NA	6.85	5.03
3	3	0	16681	Yes	0.000064	200	48	0	6.675671129	5.555050404	NA	6.85	5.03
3	3	0	16681	Yes	0.000064	200	72	0	6.675671129	7.018277204	NA	6.85	5.03
3	3	0	16681	Yes	0.000064	200	96	0	7.02171136	6.452239468	NA	6.85	5.03
3	3	0	16681	Yes	0.000064	200	120	0	7.651898447	8.354434308	NA	6.85	5.03
3	3	0	16681	Yes	0.000064	200	144	0	7.730671832	8.346733115	NA	6.85	5.03
3	3	0	16681	Yes	0.000064	200	168	0	8.785672536	9.482659183	NA	6.85	5.03
3	3	0	16681	Yes	0.000064	200	192	0	9.292072873	10.37214705	NA	6.85	5.03
3	3	0	16681	Yes	0.000064	200	216	0	9.472126327	10.38369884	NA	6.85	5.03
3	3	0	16681	Yes	0.000064	200	240	0	9.609979752	10.60703346	NA	6.85	5.03
3	3	1	16681	Yes	0.000064	200	24	0	6.675671129	4.942805506	NA	6.85	5.03
3	3	1	16681	Yes	0.000064	200	48	0	6.675671129	4.942805506	NA	6.85	5.03
3	3	1	16681	Yes	0.000064	200	72	0	6.675671129	6.613964536	NA	6.85	5.03
3	3	1	16681	Yes	0.000064	200	96	0	6.675671129	6.421434693	NA	6.85	5.03
3	3	1	16681	Yes	0.000064	200	120	0	8.020445359	8.797252945	NA	6.85	5.03
3	3	1	16681	Yes	0.000064	200	144	0	8.318658891	9.170760839	NA	6.85	5.03
3	3	1	16681	Yes	0.000064	200	168	0	8.903832614	9.836914093	NA	6.85	5.03
3	3	1	16681	Yes	0.000064	200	192	0	6.675671129	6.101835156	NA	6.85	5.03
3	3	1	16681	Yes	0.000064	200	216	0	9.491819673	10.42990601	NA	6.85	5.03
3	3	1	16681	Yes	0.000064	200	240	0	9.753459848	10.54927451	NA	6.85	5.03
3	3	2	16681	Yes	0.000064	200	24	0	6.675671129	4.942805506	NA	6.85	5.03
3	3	2	16681	Yes	0.000064	200	48	0	6.675671129	4.942805506	NA	6.85	5.03
3	3	2	16681	Yes	0.000064	200	72	0	6.675671129	7.676729264	NA	6.85	5.03
3	3	2	16681	Yes	0.000064	200	96	0	7.454964982	5.855396958	NA	6.85	5.03
3	3	2	16681	Yes	0.000064	200	120	0	7.843205241	8.473802811	NA	6.85	5.03
3	3	2	16681	Yes	0.000064	200	144	0	7.916351956	8.727942202	NA	6.85	5.03
3	3	2	16681	Yes	0.000064	200	168	0	9.064192721	10.30283631	NA	6.85	5.03
3	3	2	16681	Yes	0.000064	200	192	0	9.224552828	10.32593989	NA	6.85	5.03
3	3	2	16681	Yes	0.000064	200	216	0	9.556526383	10.4337566	NA	6.85	5.03
3	3	2	16681	Yes	0.000064	200	240	0	9.654993115	10.73410316	NA	6.85	5.03
3	3	3	16681	Yes	0.000064	200	24	0	6.675671129	4.942805506	NA	6.85	5.03
3	3	3	16681	Yes	0.000064	200	48	0	6.675671129	4.942805506	NA	6.85	5.03
3	3	3	16681	Yes	0.000064	200	72	0	6.675671129	7.056783172	NA	6.85	5.03
3	3	3	16681	Yes	0.000064	200	96	0	7.125804762	6.309767385	NA	6.85	5.03
3	3	3	16681	Yes	0.000064	200	120	0	7.494351675	7.900063881	NA	6.85	5.03
3	3	3	16681	Yes	0.000064	200	144	0	6.675671129	4.942805506	NA	6.85	5.03
3	3	3	16681	Yes	0.000064	200	168	0	9.033246034	10.13726065	NA	6.85	5.03
3	3	3	16681	Yes	0.000064	200	192	0	9.365219589	10.44915899	NA	6.85	5.03
3	3	3	16681	Yes	0.000064	200	216	0	NA	NA	NA	6.85	5.03
3	3	3	16681	Yes	0.000064	200	240	0	9.472126327	10.66094182	NA	6.85	5.03
3	4	0	16681	Yes	0.00032	200	24	0	6.675671129	4.942805506	NA	6.85	5.03
3	4	0	16681	Yes	0.00032	200	48	0	6.675671129	4.942805506	NA	6.85	5.03
3	4	0	16681	Yes	0.00032	200	72	0	6.675671129	4.942805506	NA	6.85	5.03
3	4	0	16681	Yes	0.00032	200	96	0	6.675671129	4.942805506	NA	6.85	5.03
3	4	0	16681	Yes	0.00032	200	120	0	6.675671129	4.942805506	NA	6.85	5.03
3	4	0	16681	Yes	0.00032	200	144	0	6.675671129	4.942805506	NA	6.85	5.03
3	4	0	16681	Yes	0.00032	200	168	0	9.016366023	9.937029611	NA	6.85	5.03
3	4	0	16681	Yes	0.00032	200	192	0	6.675671129	4.942805506	NA	6.85	5.03
3	4	0	16681	Yes	0.00032	200	216	0	6.675671129	4.942805506	NA	6.85	5.03
3	4	0	16681	Yes	0.00032	200	240	0	6.675671129	5.47418787	NA	6.85	5.03
3	4	1	16681	Yes	0.00032	200	24	0	6.675671129	4.942805506	NA	6.85	5.03
3	4	1	16681	Yes	0.00032	200	48	0	6.675671129	4.942805506	NA	6.85	5.03
3	4	1	16681	Yes	0.00032	200	72	0	6.675671129	4.942805506	NA	6.85	5.03
3	4	1	16681	Yes	0.00032	200	96	0	6.675671129	4.942805506	NA	6.85	5.03
3	4	1	16681	Yes	0.00032	200	120	0	6.807897884	4.942805506	NA	6.85	5.03
3	4	1	16681	Yes	0.00032	200	144	0	6.675671129	4.942805506	NA	6.85	5.03
3	4	1	16681	Yes	0.00032	200	168	0	6.675671129	4.942805506	NA	6.85	5.03
3	4	1	16681	Yes	0.00032	200	192	0	6.675671129	4.942805506	NA	6.85	5.03
3	4	1	16681	Yes	0.00032	200	216	0	6.675671129	4.942805506	NA	6.85	5.03
3	4	1	16681	Yes	0.00032	200	240	0	6.675671129	5.512693839	NA	6.85	5.03
3	4	2	16681	Yes	0.00032	200	24	0	6.675671129	4.942805506	NA	6.85	5.03
3	4	2	16681	Yes	0.00032	200	48	0	6.675671129	4.942805506	NA	6.85	5.03
3	4	2	16681	Yes	0.00032	200	72	0	6.675671129	4.942805506	NA	6.85	5.03
3	4	2	16681	Yes	0.00032	200	96	0	6.675671129	4.942805506	NA	6.85	5.03
3	4	2	16681	Yes	0.00032	200	120	0	6.824777895	4.942805506	NA	6.85	5.03
3	4	2	16681	Yes	0.00032	200	144	0	6.675671129	4.942805506	NA	6.85	5.03
3	4	2	16681	Yes	0.00032	200	168	0	6.675671129	4.942805506	NA	6.85	5.03
3	4	2	16681	Yes	0.00032	200	192	0	6.675671129	4.942805506	NA	6.85	5.03
3	4	2	16681	Yes	0.00032	200	216	0	6.675671129	4.942805506	NA	6.85	5.03
3	4	2	16681	Yes	0.00032	200	240	0	6.675671129	5.204646091	NA	6.85	5.03
3	4	3	16681	Yes	0.00032	200	24	0	6.675671129	4.942805506	NA	6.85	5.03
3	4	3	16681	Yes	0.00032	200	48	0	6.675671129	4.942805506	NA	6.85	5.03
3	4	3	16681	Yes	0.00032	200	72	0	6.675671129	4.942805506	NA	6.85	5.03
3	4	3	16681	Yes	0.00032	200	96	0	6.675671129	4.942805506	NA	6.85	5.03
3	4	3	16681	Yes	0.00032	200	120	0	6.675671129	4.942805506	NA	6.85	5.03
3	4	3	16681	Yes	0.00032	200	144	0	6.675671129	4.942805506	NA	6.85	5.03
3	4	3	16681	Yes	0.00032	200	168	0	6.675671129	4.942805506	NA	6.85	5.03
3	4	3	16681	Yes	0.00032	200	192	0	6.675671129	4.942805506	NA	6.85	5.03
3	4	3	16681	Yes	0.00032	200	216	0	6.675671129	4.942805506	NA	6.85	5.03
3	4	3	16681	Yes	0.00032	200	240	0	6.675671129	5.25470385	NA	6.85	5.03
3	5	0	16681	Yes	0.0016	200	24	0	6.675671129	5.54734921	NA	6.85	5.03
3	5	0	16681	Yes	0.0016	200	48	0	6.88667127	4.942805506	NA	6.85	5.03
3	5	0	16681	Yes	0.0016	200	72	0	6.942937974	4.942805506	NA	6.85	5.03
3	5	0	16681	Yes	0.0016	200	96	0	6.675671129	4.942805506	NA	6.85	5.03
3	5	0	16681	Yes	0.0016	200	120	0	6.675671129	4.942805506	NA	6.85	5.03
3	5	0	16681	Yes	0.0016	200	144	0	6.675671129	4.942805506	NA	6.85	5.03
3	5	0	16681	Yes	0.0016	200	168	0	6.675671129	4.942805506	NA	6.85	5.03
3	5	0	16681	Yes	0.0016	200	192	0	6.675671129	4.942805506	NA	6.85	5.03
3	5	0	16681	Yes	0.0016	200	216	0	6.675671129	4.942805506	NA	6.85	5.03
3	5	0	16681	Yes	0.0016	200	240	0	7.111738086	5.40102653	NA	6.85	5.03
3	5	1	16681	Yes	0.0016	200	24	0	6.675671129	4.942805506	NA	6.85	5.03
3	5	1	16681	Yes	0.0016	200	48	0	6.675671129	4.942805506	NA	6.85	5.03
3	5	1	16681	Yes	0.0016	200	72	0	6.675671129	4.942805506	NA	6.85	5.03
3	5	1	16681	Yes	0.0016	200	96	0	6.675671129	4.942805506	NA	6.85	5.03
3	5	1	16681	Yes	0.0016	200	120	0	6.675671129	4.942805506	NA	6.85	5.03
3	5	1	16681	Yes	0.0016	200	144	0	6.675671129	4.942805506	NA	6.85	5.03
3	5	1	16681	Yes	0.0016	200	168	0	6.675671129	4.942805506	NA	6.85	5.03
3	5	1	16681	Yes	0.0016	200	192	0	6.675671129	4.942805506	NA	6.85	5.03
3	5	1	16681	Yes	0.0016	200	216	0	6.675671129	4.942805506	NA	6.85	5.03
3	5	1	16681	Yes	0.0016	200	240	0	6.675671129	5.300911012	NA	6.85	5.03
3	5	2	16681	Yes	0.0016	200	24	0	6.675671129	4.942805506	NA	6.85	5.03
3	5	2	16681	Yes	0.0016	200	48	0	6.675671129	4.942805506	NA	6.85	5.03
3	5	2	16681	Yes	0.0016	200	72	0	6.675671129	4.942805506	NA	6.85	5.03
3	5	2	16681	Yes	0.0016	200	96	0	6.675671129	4.942805506	NA	6.85	5.03
3	5	2	16681	Yes	0.0016	200	120	0	6.675671129	4.942805506	NA	6.85	5.03
3	5	2	16681	Yes	0.0016	200	144	0	6.675671129	4.942805506	NA	6.85	5.03
3	5	2	16681	Yes	0.0016	200	168	0	6.675671129	4.942805506	NA	6.85	5.03
3	5	2	16681	Yes	0.0016	200	192	0	6.675671129	4.942805506	NA	6.85	5.03
3	5	2	16681	Yes	0.0016	200	216	0	6.675671129	4.942805506	NA	6.85	5.03
3	5	2	16681	Yes	0.0016	200	240	0	6.675671129	5.612809357	NA	6.85	5.03
3	5	3	16681	Yes	0.0016	200	24	0	6.675671129	4.942805506	NA	6.85	5.03
3	5	3	16681	Yes	0.0016	200	48	0	6.675671129	4.942805506	NA	6.85	5.03
3	5	3	16681	Yes	0.0016	200	72	0	6.675671129	4.942805506	NA	6.85	5.03
3	5	3	16681	Yes	0.0016	200	96	0	6.675671129	4.942805506	NA	6.85	5.03
3	5	3	16681	Yes	0.0016	200	120	0	6.675671129	4.942805506	NA	6.85	5.03
3	5	3	16681	Yes	0.0016	200	144	0	6.793831208	4.942805506	NA	6.85	5.03
3	5	3	16681	Yes	0.0016	200	168	0	6.675671129	4.942805506	NA	6.85	5.03
3	5	3	16681	Yes	0.0016	200	192	0	6.675671129	4.942805506	NA	6.85	5.03
3	5	3	16681	Yes	0.0016	200	216	0	6.675671129	4.942805506	NA	6.85	5.03
3	5	3	16681	Yes	0.0016	200	240	0	6.675671129	5.404877127	NA	6.85	5.03
3	6	0	16681	Yes	0.008	200	24	0	6.675671129	4.942805506	NA	6.85	5.03
3	6	0	16681	Yes	0.008	200	48	0	6.675671129	4.942805506	NA	6.85	5.03
3	6	0	16681	Yes	0.008	200	72	0	6.675671129	4.942805506	NA	6.85	5.03
3	6	0	16681	Yes	0.008	200	96	0	6.675671129	4.942805506	NA	6.85	5.03
3	6	0	16681	Yes	0.008	200	120	0	6.675671129	4.942805506	NA	6.85	5.03
3	6	0	16681	Yes	0.008	200	144	0	6.698177811	4.942805506	NA	6.85	5.03
3	6	0	16681	Yes	0.008	200	168	0	6.675671129	4.942805506	NA	6.85	5.03
3	6	0	16681	Yes	0.008	200	192	0	6.807897884	4.942805506	NA	6.85	5.03
3	6	0	16681	Yes	0.008	200	216	0	6.675671129	5.119932961	NA	6.85	5.03
3	6	0	16681	Yes	0.008	200	240	0	6.675671129	5.339416981	NA	6.85	5.03
3	6	1	16681	Yes	0.008	200	24	0	6.675671129	4.942805506	NA	6.85	5.03
3	6	1	16681	Yes	0.008	200	48	0	6.675671129	4.942805506	NA	6.85	5.03
3	6	1	16681	Yes	0.008	200	72	0	6.675671129	4.942805506	NA	6.85	5.03
3	6	1	16681	Yes	0.008	200	96	0	6.675671129	4.942805506	NA	6.85	5.03
3	6	1	16681	Yes	0.008	200	120	0	6.675671129	4.942805506	NA	6.85	5.03
3	6	1	16681	Yes	0.008	200	144	0	6.866977923	4.942805506	NA	6.85	5.03
3	6	1	16681	Yes	0.008	200	168	0	6.675671129	4.942805506	NA	6.85	5.03
3	6	1	16681	Yes	0.008	200	192	0	6.675671129	4.942805506	NA	6.85	5.03
3	6	1	16681	Yes	0.008	200	216	0	NA	NA	NA	6.85	5.03
3	6	1	16681	Yes	0.008	200	240	0	6.675671129	4.942805506	NA	6.85	5.03
3	6	2	16681	Yes	0.008	200	24	0	6.675671129	4.942805506	NA	6.85	5.03
3	6	2	16681	Yes	0.008	200	48	0	6.675671129	4.942805506	NA	6.85	5.03
3	6	2	16681	Yes	0.008	200	72	0	6.675671129	4.942805506	NA	6.85	5.03
3	6	2	16681	Yes	0.008	200	96	0	6.675671129	4.942805506	NA	6.85	5.03
3	6	2	16681	Yes	0.008	200	120	0	6.675671129	4.942805506	NA	6.85	5.03
3	6	2	16681	Yes	0.008	200	144	0	6.675671129	4.942805506	NA	6.85	5.03
3	6	2	16681	Yes	0.008	200	168	0	6.675671129	4.942805506	NA	6.85	5.03
3	6	2	16681	Yes	0.008	200	192	0	6.675671129	4.942805506	NA	6.85	5.03
3	6	2	16681	Yes	0.008	200	216	0	6.675671129	4.942805506	NA	6.85	5.03
3	6	2	16681	Yes	0.008	200	240	0	6.675671129	5.297060415	NA	6.85	5.03
3	6	3	16681	Yes	0.008	200	24	0	6.675671129	4.942805506	NA	6.85	5.03
3	6	3	16681	Yes	0.008	200	48	0	6.836031236	4.942805506	NA	6.85	5.03
3	6	3	16681	Yes	0.008	200	72	0	6.675671129	4.942805506	NA	6.85	5.03
3	6	3	16681	Yes	0.008	200	96	0	6.675671129	4.942805506	NA	6.85	5.03
3	6	3	16681	Yes	0.008	200	120	0	6.675671129	4.942805506	NA	6.85	5.03
3	6	3	16681	Yes	0.008	200	144	0	6.675671129	4.942805506	NA	6.85	5.03
3	6	3	16681	Yes	0.008	200	168	0	6.675671129	4.942805506	NA	6.85	5.03
3	6	3	16681	Yes	0.008	200	192	0	6.675671129	4.942805506	NA	6.85	5.03
3	6	3	16681	Yes	0.008	200	216	0	6.675671129	4.942805506	NA	6.85	5.03
3	6	3	16681	Yes	0.008	200	240	0	6.675671129	5.24315206	NA	6.85	5.03
